host id period V dV I dI NIR dNIR [OH]
M101 115287 17.95 24.382 0.011 23.408 0.007 22.47 0.3 9.134
M101 136682 5.358 25.927 0.03 24.85 0.022 24.41 0.57 9.118
M101 148312 11.86 25.407 0.022 24.324 0.019 22.94 0.32 9.113
M101 164932 14.92 25.348 0.023 24.201 0.017 23.03 0.32 9.105
M101 121146 11.86 25.556 0.036 24.581 0.027 23.14 0.45 9.136
M101 147959 7.762 25.91 0.03 24.885 0.024 23.79 0.42 9.113
M101 157556 25.57 24.634 0.027 23.481 0.017 22.75 0.19 9.148
M101 112715 8.173 25.767 0.034 24.783 0.027 23.8 0.42 9.124
M101 126118 6.969 25.544 0.032 24.698 0.028 23.84 0.43 9.129
M101 161621 14.43 25.748 0.034 24.494 0.023 23.96 0.37 9.15
M101 148496 17.41 24.61 0.051 23.7 0.031 22.4 0.34 9.148
M101 159452 13.21 25.595 0.029 24.386 0.021 23.56 0.43 9.149
M101 100993 11.66 25.167 0.032 24.188 0.03 23.21 0.25 9.075
M101 157343 9.268 25.295 0.035 24.39 0.025 23.65 0.47 9.145
M101 164618 21.51 24.07 0.017 23.198 0.01 22.08 0.24 9.132
M101 159255 15.24 24.847 0.02 23.796 0.014 22.48 0.37 9.152
M101 153182 15.85 25.235 0.026 24.019 0.023 22.53 0.31 9.136
M101 133176 17.21 24.946 0.022 23.92 0.019 22.86 0.32 9.14
M101 12515 11.67 25.297 0.028 24.258 0.02 23.52 0.19 9.072
M101 131897 17.57 25.052 0.025 23.951 0.015 23.05 0.25 9.126
M101 133966 13.0 25.046 0.029 24.006 0.018 23.33 0.41 9.14
M101 119836 11.56 25.12 0.015 24.194 0.011 23.21 0.33 9.103
M101 123858 14.0 25.113 0.016 24.027 0.011 23.42 0.33 9.136
M101 134953 13.39 25.486 0.035 24.447 0.029 23.23 0.26 9.132
M101 101062 30.74 25.073 0.03 23.61 0.018 22.25 0.19 9.127
M101 105242 16.09 25.231 0.019 24.016 0.014 22.82 0.31 9.129
M101 211559 19.38 24.14 0.017 23.162 0.012 22.54 0.25 9.173
M101 175251 12.21 25.133 0.023 24.029 0.016 23.15 0.34 9.119
M101 202156 7.571 25.403 0.026 24.533 0.02 23.91 0.5 9.123
M101 211383 13.2 26.453 0.076 24.679 0.047 23.28 0.42 9.114
M101 191757 11.76 25.344 0.024 24.385 0.017 23.43 0.36 9.166
M101 192848 11.36 24.991 0.023 24.058 0.016 23.49 0.44 9.159
M101 190226 10.48 25.212 0.024 24.169 0.029 22.72 0.38 9.159
M101 206223 20.74 25.837 0.03 24.262 0.022 23.05 0.22 9.154
M101 208093 24.45 25.14 0.02 23.714 0.011 22.3 0.23 9.155
M101 193736 17.58 25.118 0.026 23.968 0.019 23.27 0.31 9.165
M101 203452 12.56 25.334 0.02 24.204 0.014 23.1 0.43 9.169
M101 210917 19.59 24.089 0.019 23.15 0.013 22.68 0.26 9.121
M101 17723 5.671 26.365 0.027 25.377 0.02 24.39 0.48 9.088
M101 180634 33.82 24.389 0.031 23.02 0.027 21.61 0.19 9.147
M101 185748 11.88 25.478 0.017 24.467 0.016 23.01 0.46 9.158
M101 187438 17.27 25.139 0.034 24.063 0.021 23.12 0.27 9.129
M101 196790 18.9 24.337 0.012 23.393 0.007 22.02 0.31 9.109
M101 186264 10.02 25.494 0.029 24.442 0.024 23.3 0.41 9.15
M101 194374 23.38 24.75 0.03 23.585 0.019 22.37 0.25 9.165
M101 174970 45.9 24.272 0.024 22.822 0.014 21.52 0.16 9.145
M101 178794 15.1 25.413 0.026 24.152 0.02 22.87 0.36 9.161
M101 209367 17.07 25.668 0.03 24.225 0.02 23.0 0.31 9.174
M101 203549 12.9 24.556 0.027 23.582 0.021 22.36 0.46 9.171
M101 192950 12.98 24.762 0.019 23.834 0.011 22.48 0.44 9.163
M101 184108 24.88 24.5 0.024 23.362 0.014 22.52 0.21 9.134
M101 230395 15.6 25.163 0.041 24.017 0.025 23.41 0.38 9.147
M101 227346 9.166 25.552 0.025 24.489 0.019 24.08 0.41 9.111
M101 246134 21.59 26.181 0.035 24.387 0.025 22.83 0.26 9.169
M101 221442 9.973 25.431 0.019 24.496 0.015 23.64 0.41 9.138
M101 248725 27.6 25.392 0.02 23.655 0.015 22.31 0.21 9.171
M101 234711 27.3 24.047 0.036 22.933 0.028 22.22 0.22 9.169
M101 220991 34.56 24.398 0.042 23.156 0.028 22.31 0.21 9.118
M101 211924 32.98 23.837 0.025 22.847 0.017 21.92 0.2 9.124
M101 214942 11.75 25.403 0.029 24.305 0.024 23.48 0.33 9.131
M101 227165 11.5 24.955 0.022 24.07 0.017 23.21 0.43 9.14
M101 230803 11.49 25.113 0.021 23.954 0.021 22.63 0.58 9.133
M101 226551 69.62 22.978 0.019 21.819 0.011 20.8 0.16 9.15
M101 225028 40.14 23.892 0.012 22.914 0.009 22.04 0.19 9.153
M101 220172 35.21 24.738 0.028 23.27 0.02 22.28 0.18 9.176
M101 221821 24.11 24.896 0.02 23.673 0.014 22.6 0.23 9.177
M101 226297 16.2 25.339 0.029 24.099 0.02 23.57 0.32 9.113
M101 247555 19.91 24.162 0.022 23.158 0.013 22.32 0.26 9.18
M101 235682 23.89 24.556 0.02 23.413 0.014 22.12 0.23 9.184
M101 215047 20.64 24.286 0.041 23.281 0.03 22.58 0.23 9.149
M101 237220 26.6 24.262 0.037 23.052 0.027 22.13 0.23 9.187
M101 227057 15.88 24.889 0.029 23.791 0.019 23.22 0.31 9.153
M101 221683 19.83 24.549 0.046 23.418 0.027 22.59 0.27 9.157
M101 229119 32.49 24.316 0.04 23.148 0.022 22.1 0.22 9.162
M101 233739 14.99 25.087 0.044 24.074 0.042 23.01 0.35 9.17
M101 241530 25.97 23.757 0.024 22.866 0.013 22.03 0.27 9.171
M101 221570 11.48 25.604 0.025 24.379 0.015 23.76 0.35 9.16
M101 227320 18.9 24.803 0.048 23.707 0.03 23.06 0.37 9.184
M101 233297 12.14 25.48 0.014 24.303 0.02 23.16 0.42 9.145
M101 213832 40.99 23.912 0.029 22.715 0.018 21.86 0.19 9.123
M101 212413 14.49 24.928 0.034 23.948 0.021 23.09 0.36 9.117
M101 223903 10.16 25.11 0.024 24.107 0.02 23.36 0.48 9.124
M101 228604 23.6 24.964 0.028 23.555 0.024 22.09 0.21 9.18
M101 247523 15.52 25.313 0.047 24.027 0.031 23.16 0.29 9.13
M101 248832 15.48 24.734 0.022 23.693 0.013 22.41 0.26 9.155
M101 281523 20.17 24.46 0.041 23.489 0.026 22.75 0.2 9.154
M101 286474 18.08 24.79 0.038 23.699 0.029 22.73 0.29 9.16
M101 252819 21.61 25.67 0.037 23.966 0.024 22.58 0.25 9.148
M101 294887 26.17 24.804 0.056 23.566 0.032 22.69 0.25 9.209
M101 291662 17.83 24.733 0.032 23.574 0.021 22.61 0.33 9.212
M101 271937 19.31 24.208 0.028 23.295 0.018 22.62 0.28 9.152
M101 267629 19.2 25.153 0.031 23.901 0.02 22.64 0.26 9.157
M101 257602 14.66 25.969 0.022 24.369 0.017 23.63 0.33 9.138
M101 272627 32.2 24.903 0.037 23.284 0.021 22.26 0.2 9.202
M101 25168 5.06 25.964 0.044 25.1 0.033 24.19 0.35 9.077
M101 283512 20.88 24.997 0.029 23.843 0.022 22.78 0.3 9.162
M101 278069 19.46 24.36 0.016 23.326 0.014 22.39 0.36 9.194
M101 25852 21.19 24.349 0.035 23.329 0.022 22.32 0.16 9.073
M101 290336 15.88 24.958 0.023 24.003 0.016 23.45 0.42 9.21
M101 277736 22.76 24.564 0.03 23.531 0.019 22.34 0.24 9.188
M101 251511 10.26 25.858 0.022 24.848 0.017 24.28 0.46 9.129
M101 252496 7.277 25.615 0.031 24.507 0.023 23.73 0.51 9.169
M101 264930 17.92 24.537 0.032 23.527 0.026 22.5 0.23 9.159
M101 281695 23.89 24.24 0.027 23.18 0.017 22.21 0.3 9.208
M101 292339 15.56 25.814 0.033 24.448 0.024 23.16 0.38 9.169
M101 282769 36.12 23.767 0.015 22.775 0.008 22.25 0.21 9.207
M101 288267 13.58 24.952 0.033 23.893 0.029 22.67 0.34 9.21
M101 262967 12.91 25.384 0.016 24.091 0.013 23.19 0.33 9.168
M101 291090 18.08 24.406 0.019 23.22 0.014 21.73 0.4 9.209
M101 284067 10.95 25.363 0.022 24.465 0.018 23.52 0.47 9.164
M101 280724 28.7 24.681 0.025 23.491 0.017 21.99 0.17 9.128
M101 269853 16.16 24.445 0.019 23.578 0.013 22.71 0.39 9.188
M101 275536 31.97 25.088 0.021 23.354 0.016 22.16 0.23 9.19
M101 294352 24.99 24.17 0.028 23.209 0.019 21.68 0.3 9.209
M101 276726 12.56 24.862 0.019 23.775 0.019 22.66 0.38 9.155
M101 301266 12.48 26.059 0.041 24.541 0.024 23.87 0.51 9.211
M101 295889 19.26 25.302 0.038 23.994 0.029 22.74 0.42 9.21
M101 319860 24.04 24.696 0.019 23.427 0.016 22.37 0.28 9.205
M101 316077 9.683 25.575 0.016 24.46 0.015 23.59 0.41 9.148
M101 310588 10.96 25.113 0.02 24.256 0.013 23.02 0.37 9.156
M101 677641 20.48 23.89 0.028 23.02 0.021 22.04 0.22 9.171
M101 77186 25.6 24.761 0.085 23.67 0.052 22.68 0.21 9.091
M101 66960 27.59 23.776 0.017 22.826 0.014 22.02 0.17 9.112
M101 53242 10.26 25.538 0.021 24.425 0.018 23.19 0.24 9.054
M101 75429 9.274 25.42 0.019 24.404 0.019 22.93 0.42 9.117
M101 716117 10.69 25.059 0.025 24.145 0.023 23.44 0.46 9.168
M101 606682 10.79 25.681 0.034 24.461 0.022 23.39 0.38 9.135
M101 54672 6.859 25.642 0.032 24.724 0.028 23.96 0.25 9.078
M101 78285 10.39 25.175 0.024 24.262 0.017 23.63 0.3 9.115
M101 680030 7.876 25.351 0.033 24.413 0.023 23.68 0.31 9.125
M101 98953 10.87 25.476 0.026 24.339 0.018 23.09 0.28 9.123
M101 98167 26.0 24.061 0.021 23.027 0.015 21.99 0.21 9.126
M101 95172 15.31 24.757 0.014 23.772 0.01 22.54 0.24 9.075
M101 84304 42.36 24.032 0.032 22.864 0.019 21.42 0.17 9.12
M101 82579 7.552 25.337 0.026 24.459 0.02 23.66 0.31 9.119
M101 283560 28.93 24.619 0.024 23.36 0.014 22.28 0.22 9.208
M101 179331 26.75 24.646 0.027 23.459 0.02 22.22 0.21 9.157
M101 91034 17.3 24.935 0.018 23.774 0.015 22.21 0.29 9.122
M101 254566 12.07 25.342 0.038 24.236 0.027 23.05 0.47 9.181
M101 40851 18.28 24.631 0.018 23.581 0.014 22.48 0.26 9.165
M101 38839 17.08 24.857 0.034 23.839 0.034 22.3 0.25 9.168
M101 40060 9.882 25.544 0.026 24.489 0.02 22.93 0.4 9.166
M101 42877 19.62 24.613 0.025 23.536 0.018 22.83 0.28 9.176
M101 38279 17.25 24.579 0.033 23.546 0.023 22.57 0.27 9.17
M101 44666 12.8 25.267 0.038 24.156 0.032 23.23 0.33 9.173
M101 44333 12.49 25.685 0.026 24.356 0.025 22.95 0.29 9.162
M101 397164 6.758 25.7 0.038 24.665 0.024 24.16 0.38 9.057
M101 6705 19.16 24.044 0.049 22.984 0.029 21.91 0.37 9.182
M101 71362 11.09 25.263 0.027 24.261 0.027 23.12 0.4 9.192
M101 55763 14.1 25.344 0.017 24.106 0.017 23.1 0.24 9.156
M101 678246 19.56 25.287 0.028 24.197 0.024 22.81 0.23 9.114
M101 75602 11.27 24.949 0.021 23.959 0.017 23.02 0.29 9.178
M101 73007 15.37 24.896 0.03 23.881 0.022 23.0 0.26 9.144
M101 679198 32.92 24.261 0.028 23.068 0.022 22.06 0.16 9.084
M101 66773 18.09 25.049 0.03 24.102 0.019 23.09 0.25 9.167
M101 64911 20.6 24.932 0.025 23.73 0.019 22.59 0.22 9.184
M101 721202 14.04 24.964 0.049 23.988 0.034 23.1 0.26 9.097
M101 66284 14.48 25.433 0.024 24.069 0.019 22.73 0.3 9.172
M101 78026 10.96 25.523 0.018 24.325 0.016 23.01 0.32 9.16
M101 79671 10.38 25.005 0.02 23.946 0.013 23.25 0.38 9.177
M101 94097 10.46 25.463 0.021 24.133 0.018 22.68 0.41 9.174
M101 81242 11.52 25.419 0.023 24.358 0.02 22.96 0.36 9.183
M101 92329 23.08 24.562 0.03 23.46 0.023 22.4 0.22 9.181
M101 93020 19.31 25.395 0.022 23.834 0.015 22.69 0.29 9.179
M101 90168 5.98 25.94 0.021 24.873 0.017 23.93 0.39 9.177
M101 97872 24.6 24.653 0.02 23.509 0.015 22.5 0.21 9.184
M101 86123 17.77 25.122 0.022 24.013 0.018 22.79 0.22 9.142
M101 87556 10.95 25.104 0.027 24.202 0.015 23.19 0.37 9.181
M101 89050 24.84 24.72 0.019 23.509 0.01 22.53 0.21 9.171
M101 134136 15.03 25.377 0.047 24.36 0.034 23.31 0.26 9.115
M101 126265 10.76 25.408 0.032 24.3 0.026 22.87 0.4 9.169
M101 141245 27.25 24.935 0.035 23.717 0.025 22.52 0.17 9.166
M101 100017 18.36 24.435 0.028 23.519 0.019 22.75 0.34 9.199
M101 156248 18.82 24.737 0.036 23.654 0.024 22.74 0.21 9.191
M101 141870 10.59 25.16 0.025 24.189 0.023 22.91 0.22 9.137
M101 120706 12.86 25.393 0.041 24.219 0.025 22.71 0.3 9.179
M101 120224 31.54 24.457 0.024 23.025 0.017 21.73 0.18 9.196
M101 195818 7.364 25.695 0.03 24.728 0.021 24.18 0.36 9.104
M101 168798 11.15 25.802 0.036 24.388 0.024 23.59 0.35 9.177
M101 203569 11.39 25.406 0.027 24.384 0.026 23.83 0.31 9.133
M101 196870 5.066 26.251 0.026 25.139 0.02 24.22 0.55 9.089
M101 20978 29.04 23.943 0.032 22.981 0.023 22.23 0.47 9.188
M101 190990 10.69 25.22 0.027 24.243 0.023 22.96 0.29 9.176
M101 205603 15.05 25.128 0.032 23.888 0.024 23.4 0.27 9.151
M101 212178 9.95 25.159 0.031 24.262 0.024 23.55 0.36 9.106
M101 205210 9.064 25.184 0.035 24.186 0.036 23.28 0.29 9.172
M101 192614 12.3 25.11 0.024 24.117 0.023 22.88 0.33 9.156
M101 178616 9.65 25.764 0.025 24.65 0.022 23.52 0.3 9.125
M101 194602 17.06 24.92 0.037 23.892 0.025 23.25 0.24 9.14
M101 202091 5.261 25.912 0.032 24.995 0.025 24.24 0.47 9.126
M101 165984 26.61 24.771 0.017 23.8 0.015 22.28 0.17 9.117
M101 188874 13.93 25.479 0.047 24.441 0.029 23.26 0.28 9.152
M101 181233 24.65 24.884 0.027 23.648 0.025 22.5 0.18 9.152
M101 163272 7.876 25.759 0.037 24.749 0.027 24.01 0.52 9.17
M101 212709 9.278 25.363 0.025 24.539 0.018 23.73 0.3 9.157
M101 214250 7.673 25.785 0.038 24.841 0.028 24.15 0.43 9.167
M101 199251 71.3 23.078 0.018 21.994 0.012 21.14 0.15 9.126
M101 183024 16.91 24.631 0.033 23.704 0.02 23.03 0.23 9.137
M101 193338 12.18 24.924 0.027 23.984 0.022 23.24 0.3 9.143
M101 181580 12.91 25.51 0.03 24.384 0.025 23.72 0.24 9.142
M101 195561 10.26 25.313 0.024 24.366 0.021 23.21 0.45 9.15
M101 161100 26.46 24.307 0.03 23.304 0.026 21.95 0.21 9.187
M101 224407 5.566 26.328 0.036 25.252 0.042 24.59 0.42 9.143
M101 217106 14.32 24.88 0.023 23.788 0.021 22.54 0.27 9.113
M101 227088 25.27 25.016 0.031 23.664 0.019 22.26 0.2 9.142
M101 260680 17.19 25.369 0.024 24.002 0.017 22.72 0.2 9.109
M101 260598 6.608 25.846 0.037 24.97 0.026 23.91 0.3 9.071
M101 277390 7.459 25.826 0.031 24.917 0.024 23.84 0.33 9.11
M101 282450 17.18 25.794 0.032 24.41 0.034 23.33 0.19 9.079
M101 280742 13.67 24.836 0.024 23.875 0.015 22.98 0.3 9.072
M101 219429 19.46 24.932 0.029 23.69 0.021 22.97 0.2 9.087
M101 270707 74.88 22.893 0.024 21.838 0.017 20.93 0.15 9.12
M101 243050 76.78 23.209 0.016 21.988 0.012 20.79 0.15 9.114
M101 242444 7.151 25.733 0.026 24.634 0.023 23.82 0.39 9.149
M101 248945 19.55 24.553 0.024 23.531 0.014 22.65 0.21 9.142
M101 270678 19.21 25.287 0.02 24.223 0.021 22.8 0.22 9.136
M101 267743 7.977 25.552 0.039 24.635 0.024 23.91 0.29 9.122
M101 255017 29.52 25.221 0.023 23.668 0.015 22.42 0.17 9.093
M101 263257 15.2 24.71 0.042 23.666 0.029 22.52 0.22 9.063
M101 265018 14.03 24.838 0.034 23.815 0.023 22.8 0.24 9.092
M101 218108 6.08 25.965 0.037 25.131 0.034 24.1 0.43 9.092
M101 282449 26.25 25.111 0.041 23.625 0.028 22.74 0.17 9.08
M101 272146 26.12 24.424 0.042 23.399 0.041 22.08 0.17 9.106
M101 236615 23.04 25.012 0.038 23.836 0.03 22.28 0.21 9.133
M101 272115 10.5 25.628 0.042 24.446 0.03 23.32 0.35 9.136
M101 237507 44.7 24.368 0.035 22.983 0.023 21.54 0.16 9.157
M101 229426 24.05 25.207 0.04 23.75 0.029 22.52 0.23 9.142
M101 253052 10.68 25.054 0.131 24.178 0.092 23.43 0.34 9.126
M101 230998 6.163 25.962 0.029 24.962 0.025 24.55 0.51 9.141
M101 230116 10.86 25.163 0.032 24.103 0.021 23.05 0.4 9.142
M101 269346 11.38 25.244 0.043 24.27 0.03 23.78 0.32 9.14
M101 228878 12.9 24.868 0.021 23.949 0.014 23.19 0.35 9.105
M101 286623 15.51 25.254 0.043 24.028 0.025 23.28 0.2 9.083
M101 299699 6.86 25.591 0.02 24.769 0.015 23.97 0.39 9.124
M101 363373 6.059 26.135 0.031 25.152 0.029 23.64 0.39 9.083
M101 350718 9.372 25.501 0.025 24.608 0.017 24.04 0.34 9.099
M101 293249 20.49 24.477 0.025 23.573 0.019 22.22 0.18 9.069
M101 292025 34.87 24.338 0.022 23.021 0.014 22.33 0.17 9.109
M101 345893 11.3 25.353 0.024 24.373 0.016 23.53 0.23 9.082
M101 313164 11.27 25.198 0.025 24.221 0.018 23.38 0.26 9.112
M101 300056 18.25 24.695 0.029 23.694 0.02 22.59 0.19 9.102
M101 364866 8.779 25.568 0.017 24.565 0.015 23.92 0.27 9.077
M101 351392 14.43 25.025 0.033 24.154 0.023 22.62 0.18 9.085
M101 294062 14.12 25.487 0.033 24.383 0.025 23.28 0.28 9.118
M101 292617 26.9 24.767 0.02 23.493 0.016 22.54 0.16 9.061
M101 309447 6.378 25.631 0.035 24.776 0.024 24.38 0.39 9.073
M101 293622 16.43 25.352 0.058 24.044 0.04 23.25 0.21 9.123
M101 48875 18.27 24.514 0.019 23.458 0.021 22.06 0.33 9.173
M101 103016 13.93 24.837 0.02 23.768 0.019 22.42 0.28 9.173
M101 219452 12.78 25.148 0.018 24.144 0.016 23.49 0.26 9.167
M101 356191 17.97 25.176 0.042 24.237 0.035 23.17 0.24 9.069
N1015 130582 29.48 28.005 0.108 27.227 0.162 25.74 0.41 8.802
N1015 142580 32.59 28.123 0.136 26.685 0.088 25.18 0.48 8.684
N1015 92802 34.98 27.853 0.117 26.369 0.075 24.79 0.38 8.831
N1015 35224 40.42 27.333 0.08 26.063 0.056 24.76 0.44 8.766
N1015 16524 50.08 27.533 0.108 26.233 0.061 25.06 0.35 8.635
N1015 40722 58.28 27.972 0.089 26.331 0.062 25.28 0.27 8.641
N1015 34805 61.85 27.286 0.119 25.651 0.037 24.0 0.31 8.666
N1015 95917 62.12 26.761 0.062 25.544 0.06 24.41 0.4 8.905
N1015 52448 63.86 27.272 0.05 25.944 0.067 24.36 0.25 8.621
N1015 91423 70.41 27.104 0.092 25.7 0.056 24.23 0.3 8.985
N1015 134588 74.43 27.191 0.089 26.001 0.063 24.69 0.32 9.039
N1015 122746 74.61 26.872 0.06 25.62 0.063 24.26 0.21 8.499
N1015 152327 87.33 26.001 0.065 24.865 0.035 23.96 0.17 8.704
N1015 21471 97.49 26.183 0.069 24.943 0.027 23.82 0.22 9.033
N1309 154632 38.1 27.685 0.054 26.552 0.057 25.46 0.22 8.582
N1309 149317 39.31 27.732 0.035 26.344 0.042 25.31 0.42 8.722
N1309 42756 39.42 27.438 0.042 26.251 0.038 25.28 0.24 8.793
N1309 40303 39.5 27.214 0.044 26.162 0.062 25.19 0.24 8.758
N1309 50270 39.83 27.69 0.033 26.422 0.048 25.56 0.26 8.866
N1309 119907 40.84 27.554 0.06 26.099 0.087 24.57 0.55 8.974
N1309 136479 41.02 27.58 0.04 26.378 0.04 25.07 0.18 8.646
N1309 67093 41.77 27.063 0.026 25.777 0.032 24.45 0.45 9.037
N1309 82654 41.94 27.048 0.044 25.946 0.044 24.24 0.5 8.987
N1309 27150 42.11 26.86 0.04 25.78 0.032 24.49 0.28 8.86
N1309 50545 44.14 27.363 0.045 26.201 0.039 25.34 0.57 8.825
N1309 48826 44.32 27.785 0.036 26.085 0.055 24.54 0.34 8.975
N1309 103930 44.6 26.74 0.028 25.796 0.036 24.95 0.22 8.739
N1309 2099043 44.3 27.287 0.032 25.848 0.043 24.12 0.45 8.866
N1309 47351 45.45 27.053 0.043 25.976 0.046 24.64 0.24 8.828
N1309 2108877 47.59 27.399 0.039 26.007 0.06 24.78 0.53 8.841
N1309 152242 47.82 27.105 0.027 26.105 0.033 24.76 0.33 8.715
N1309 2117990 48.18 27.333 0.042 26.048 0.043 24.88 0.43 8.745
N1309 134187 47.87 26.654 0.035 25.294 0.041 23.84 0.62 8.862
N1309 150120 48.45 27.345 0.028 25.773 0.036 24.85 0.3 8.743
N1309 22773 49.57 27.743 0.032 26.339 0.027 25.16 0.23 8.84
N1309 105535 50.82 27.088 0.033 25.786 0.054 24.92 0.49 9.074
N1309 66971 51.38 27.016 0.035 25.826 0.029 24.75 0.24 8.849
N1309 126515 51.43 26.577 0.02 25.723 0.03 24.6 0.6 8.922
N1309 65208 52.02 27.322 0.021 25.856 0.033 24.34 0.18 8.734
N1309 89446 52.5 27.134 0.025 25.967 0.025 24.57 0.4 8.95
N1309 105633 54.07 26.44 0.026 25.502 0.023 24.65 0.65 8.963
N1309 62523 56.82 26.85 0.031 25.67 0.022 24.77 0.25 8.934
N1309 68651 58.92 27.385 0.045 26.019 0.048 25.03 0.33 8.978
N1309 122991 58.97 28.153 0.08 26.437 0.065 24.83 0.43 8.902
N1309 145875 64.63 27.831 0.044 26.242 0.047 24.58 0.33 8.726
N1309 120871 64.84 26.598 0.035 25.225 0.052 23.75 0.54 8.983
N1309 83989 64.2 26.985 0.026 25.61 0.054 24.32 0.19 8.688
N1309 25808 67.7 26.772 0.018 25.54 0.022 24.61 0.19 8.854
N1309 83493 57.92 27.575 0.052 26.119 0.067 24.53 0.35 8.967
N1309 47225 69.33 26.919 0.023 25.759 0.025 24.57 0.22 8.804
N1309 37762 69.3 26.686 0.037 25.544 0.057 24.31 0.21 8.914
N1309 49918 71.48 26.954 0.051 25.822 0.034 24.12 0.23 8.758
N1309 87828 73.62 26.044 0.039 25.018 0.037 24.31 0.3 8.996
N1309 124934 75.76 26.976 0.022 25.421 0.024 24.21 0.4 8.918
N1309 127649 84.54 26.985 0.091 25.862 0.116 24.27 0.5 8.885
N1309 88762 84.89 26.093 0.042 24.774 0.05 23.9 0.4 9.007
N1309 24251 90.59 26.643 0.048 25.278 0.043 24.01 0.18 8.781
N1309 91743 90.91 26.606 0.023 25.495 0.028 24.08 0.36 9.061
N1365 111818 15.9 26.832 0.041 26.125 0.138 25.07 0.63 8.814
N1365 140975 16.45 26.885 0.052 25.624 0.087 25.25 0.32 8.42
N1365 123989 16.72 26.506 0.055 25.633 0.098 24.53 0.4 8.715
N1365 132389 17.0 27.543 0.066 26.474 0.113 25.29 0.33 8.613
N1365 103384 17.01 27.214 0.066 26.308 0.119 25.82 0.44 8.796
N1365 111940 19.69 26.543 0.042 25.874 0.074 24.86 0.4 8.784
N1365 136735 25.7 26.196 0.033 25.314 0.051 24.48 0.18 8.48
N1365 101154 26.08 26.345 0.062 25.362 0.119 23.98 0.7 8.878
N1365 63449 26.96 26.106 0.063 24.745 0.119 24.16 0.36 8.858
N1365 138773 26.98 26.289 0.035 25.279 0.071 24.4 0.19 8.481
N1365 120972 27.45 26.503 0.044 25.471 0.07 24.41 0.24 8.72
N1365 65336 27.94 26.29 0.049 25.428 0.08 24.82 0.32 8.839
N1365 124631 29.33 26.107 0.046 25.095 0.059 24.11 0.24 8.705
N1365 130859 29.37 26.358 0.039 25.378 0.062 24.48 0.23 8.571
N1365 133465 29.45 26.952 0.057 25.602 0.113 24.29 0.23 8.538
N1365 105797 30.34 26.779 0.054 25.495 0.074 24.07 0.48 8.851
N1365 106470 30.39 25.908 0.037 25.005 0.043 23.83 0.42 8.851
N1365 100027 31.37 25.493 0.038 24.825 0.065 24.33 0.3 8.845
N1365 94995 32.42 25.764 0.021 24.743 0.041 24.35 0.45 8.897
N1365 122163 34.1 26.375 0.052 25.168 0.07 24.19 0.19 8.68
N1365 87703 35.11 25.702 0.035 24.499 0.045 23.54 0.26 8.786
N1365 61628 37.01 26.638 0.04 25.027 0.039 24.27 0.38 9.018
N1365 90510 39.06 25.915 0.029 24.856 0.048 24.04 0.41 8.905
N1365 128912 40.73 25.475 0.039 24.336 0.068 23.47 0.2 8.673
N1365 103704 40.85 26.494 0.039 25.067 0.062 24.26 0.23 8.825
N1365 104907 42.9 25.445 0.026 24.353 0.049 23.44 0.36 8.854
N1365 123489 43.0 25.667 0.049 24.706 0.072 23.96 0.32 8.72
N1365 101731 47.24 25.239 0.042 24.332 0.065 23.03 0.22 8.848
N1365 94055 51.45 26.184 0.026 24.854 0.031 23.91 0.25 8.884
N1365 129336 57.13 24.93 0.023 23.988 0.031 23.42 0.16 8.668
N1365 88821 63.17 25.684 0.022 24.369 0.025 23.35 0.26 8.915
N1365 75575 68.46 25.506 0.028 24.255 0.038 22.9 0.32 8.976
N1448 67680 15.22 27.608 0.15 26.516 0.149 25.64 0.54 8.748
N1448 70048 15.58 27.182 0.097 26.654 0.174 25.87 0.42 8.884
N1448 106396 15.78 27.199 0.135 25.983 0.075 24.74 0.41 8.86
N1448 100437 16.0 26.957 0.106 25.966 0.098 24.35 0.62 8.868
N1448 30983 16.03 26.977 0.082 26.27 0.144 25.41 0.37 8.717
N1448 20241 16.16 27.191 0.098 26.125 0.071 25.15 0.29 8.677
N1448 67991 16.19 26.839 0.075 26.092 0.069 24.99 0.51 8.878
N1448 55127 16.73 27.569 0.158 26.23 0.1 25.26 0.28 8.834
N1448 9056 17.47 26.929 0.096 25.876 0.056 25.02 0.2 8.627
N1448 2057928 17.96 27.477 0.128 26.35 0.097 25.02 0.35 8.864
N1448 146654 18.18 27.828 0.166 26.368 0.137 25.61 0.3 8.796
N1448 126675 18.2 26.836 0.148 26.061 0.105 24.74 0.7 8.942
N1448 43058 18.25 26.383 0.05 25.684 0.103 24.03 0.43 8.738
N1448 28890 18.37 26.429 0.081 25.824 0.107 24.57 0.38 8.711
N1448 50635 18.44 26.693 0.064 25.887 0.091 24.42 0.41 8.808
N1448 125197 19.22 27.307 0.179 26.124 0.1 24.49 0.25 8.743
N1448 28276 19.54 26.652 0.073 25.958 0.058 24.26 0.29 8.708
N1448 87040 20.65 26.427 0.096 25.556 0.092 23.84 0.5 8.931
N1448 114172 21.17 26.571 0.069 25.662 0.112 24.39 0.3 8.857
N1448 22681 21.26 26.956 0.094 26.269 0.073 24.41 0.21 8.681
N1448 141128 21.28 26.899 0.119 25.589 0.061 24.9 0.23 8.855
N1448 98211 21.62 26.624 0.108 25.824 0.082 24.99 0.27 8.757
N1448 45433 23.2 27.21 0.14 26.586 0.197 24.87 0.49 8.733
N1448 31039 23.48 27.092 0.078 26.159 0.087 24.8 0.17 8.757
N1448 82051 24.71 26.649 0.161 25.222 0.104 24.24 0.28 8.918
N1448 46921 25.82 26.409 0.07 25.744 0.081 24.43 0.19 8.821
N1448 27054 26.14 26.736 0.115 25.409 0.052 24.41 0.19 8.682
N1448 13429 26.43 26.174 0.105 25.36 0.07 24.32 0.22 8.656
N1448 77275 26.85 27.014 0.156 25.868 0.101 24.38 0.47 8.87
N1448 68073 27.28 26.682 0.092 25.751 0.088 23.92 0.42 8.846
N1448 141170 28.11 27.018 0.105 25.712 0.055 24.65 0.21 8.861
N1448 18798 30.86 26.509 0.082 25.381 0.053 23.93 0.18 8.664
N1448 59301 31.45 27.269 0.143 25.893 0.068 24.41 0.3 8.762
N1448 41235 33.17 26.399 0.069 25.465 0.052 24.61 0.23 8.695
N1448 81607 33.89 25.936 0.049 25.087 0.053 24.16 0.2 8.775
N1448 120930 34.33 26.3 0.083 25.061 0.062 24.1 0.65 8.936
N1448 73057 34.85 26.01 0.067 24.982 0.065 23.69 0.29 8.894
N1448 55177 36.09 26.08 0.075 24.992 0.039 23.47 0.22 8.755
N1448 121708 37.1 26.444 0.09 25.185 0.062 23.69 0.32 8.906
N1448 67910 38.71 26.633 0.095 25.569 0.069 24.31 0.19 8.88
N1448 51814 39.17 25.793 0.059 24.97 0.052 23.66 0.16 8.69
N1448 75419 39.42 25.595 0.06 24.866 0.071 23.98 0.31 8.875
N1448 72258 43.93 26.675 0.069 25.225 0.046 23.66 0.32 8.878
N1448 55456 44.12 25.665 0.077 24.78 0.091 23.37 0.19 8.726
N1448 128603 45.53 26.76 0.127 25.053 0.072 23.26 0.51 9.017
N1448 15251 49.07 25.979 0.051 24.833 0.033 23.58 0.13 8.66
N1448 30915 49.07 26.181 0.078 24.766 0.025 23.7 0.16 8.696
N1448 49401 49.64 26.411 0.059 25.407 0.045 23.87 0.14 8.685
N1448 63307 50.62 25.682 0.051 24.927 0.041 23.26 0.14 8.862
N1448 77316 52.12 25.876 0.06 24.597 0.043 23.52 0.15 8.902
N1448 34474 54.93 25.062 0.076 24.323 0.046 23.4 0.15 8.689
N1448 70784 56.54 25.206 0.044 24.172 0.024 23.01 0.18 8.859
N1448 52427 59.99 25.633 0.08 24.568 0.051 23.27 0.17 8.725
N1448 58446 93.35 25.175 0.045 23.926 0.026 22.9 0.12 8.852
N2442 186963 15.01 28.082 0.193 26.275 0.129 25.17 0.55 8.884
N2442 99851 15.33 27.746 0.135 26.161 0.112 25.33 0.5 9.12
N2442 241859 15.69 28.072 0.191 26.883 0.187 25.7 0.52 8.628
N2442 281583 15.76 27.675 0.121 26.773 0.172 25.04 0.6 8.563
N2442 237598 15.76 28.555 0.22 26.664 0.126 25.24 0.63 8.689
N2442 172188 15.88 28.109 0.159 26.645 0.168 25.64 0.67 9.05
N2442 51166 15.93 28.507 0.283 26.796 0.219 25.51 0.69 9.018
N2442 307271 16.09 29.075 0.236 27.109 0.21 26.21 0.7 8.631
N2442 261899 16.27 27.797 0.163 26.273 0.179 24.92 0.51 8.951
N2442 71147 16.89 27.647 0.147 26.203 0.114 24.73 0.61 9.104
N2442 72505 17.09 28.193 0.168 26.395 0.131 25.55 0.44 9.177
N2442 302230 17.11 28.592 0.153 27.081 0.168 25.94 0.66 8.595
N2442 197680 17.72 27.802 0.225 26.05 0.162 24.8 0.59 8.968
N2442 309173 18.74 28.215 0.078 26.73 0.146 25.39 0.67 8.801
N2442 222924 18.8 28.115 0.335 26.307 0.145 25.42 0.59 8.852
N2442 59030 19.63 28.481 0.152 26.656 0.125 25.64 0.54 8.775
N2442 106567 19.72 28.003 0.173 26.533 0.208 24.77 0.62 9.22
N2442 299524 19.85 28.309 0.312 26.501 0.176 24.72 0.66 8.71
N2442 220891 20.02 27.615 0.122 26.621 0.208 25.67 0.55 8.999
N2442 108661 20.08 27.042 0.11 25.656 0.094 24.68 0.52 9.056
N2442 255145 20.1 27.852 0.18 26.47 0.165 24.86 0.61 8.886
N2442 50722 20.3 27.473 0.092 26.046 0.139 24.32 0.53 9.224
N2442 157616 20.33 28.111 0.194 26.813 0.154 25.44 0.48 8.848
N2442 159204 20.42 27.283 0.141 25.715 0.115 24.92 0.55 8.899
N2442 62750 20.43 27.996 0.225 26.162 0.095 25.16 0.65 9.025
N2442 277926 20.93 28.629 0.282 26.505 0.112 24.63 0.66 8.697
N2442 261332 21.0 27.993 0.126 26.405 0.131 25.18 0.54 8.946
N2442 215636 21.07 27.947 0.198 26.251 0.141 24.8 0.64 8.81
N2442 81577 21.31 27.987 0.195 26.397 0.13 24.72 0.64 9.087
N2442 275077 21.49 27.578 0.195 26.165 0.145 24.34 0.55 8.814
N2442 42277 21.97 27.361 0.084 26.533 0.317 25.06 0.66 9.26
N2442 119156 22.04 27.44 0.145 26.334 0.103 25.36 0.69 9.1
N2442 231881 22.11 27.79 0.13 26.088 0.098 24.54 0.51 8.692
N2442 176255 22.26 27.166 0.109 26.338 0.213 24.88 0.57 9.053
N2442 255741 22.7 28.249 0.159 26.721 0.159 25.66 0.51 8.849
N2442 49602 22.85 28.159 0.261 26.428 0.112 24.75 0.65 9.067
N2442 147294 23.08 27.109 0.096 25.894 0.145 24.22 0.59 9.08
N2442 88058 23.1 27.604 0.211 25.888 0.082 24.62 0.47 9.274
N2442 126999 23.13 27.79 0.264 26.118 0.123 25.13 0.55 9.098
N2442 180801 23.35 28.055 0.237 26.345 0.148 25.33 0.43 9.037
N2442 76731 23.58 27.044 0.094 26.036 0.127 24.73 0.54 9.19
N2442 72081 24.36 27.542 0.205 25.643 0.105 24.87 0.66 9.096
N2442 62039 24.42 27.39 0.154 26.068 0.15 24.78 0.67 9.227
N2442 54276 24.45 28.635 0.223 26.584 0.197 24.77 0.56 9.065
N2442 121740 24.65 28.509 0.226 26.567 0.127 25.38 0.44 8.903
N2442 290612 25.01 27.495 0.208 25.622 0.098 24.85 0.61 8.773
N2442 197193 25.11 27.748 0.178 26.233 0.112 25.37 0.5 8.838
N2442 186319 25.18 27.56 0.1 26.117 0.151 24.67 0.59 8.851
N2442 180394 25.45 27.79 0.201 25.971 0.116 24.37 0.43 8.995
N2442 92466 25.53 28.31 0.155 26.676 0.209 25.35 0.54 9.015
N2442 110569 25.57 27.863 0.166 26.145 0.11 24.7 0.54 9.206
N2442 248384 25.62 27.901 0.15 25.923 0.104 25.11 0.49 8.986
N2442 110916 25.72 27.137 0.122 26.13 0.134 24.45 0.36 9.121
N2442 198214 25.73 27.434 0.154 26.249 0.141 25.0 0.59 8.888
N2442 185102 25.91 27.669 0.193 26.54 0.186 25.02 0.52 8.887
N2442 269188 26.25 27.793 0.18 26.531 0.105 25.25 0.54 8.944
N2442 286845 26.36 27.352 0.092 25.882 0.102 24.43 0.43 8.897
N2442 285341 26.42 27.522 0.102 26.38 0.109 24.74 0.53 8.752
N2442 82217 26.43 27.785 0.203 26.335 0.101 24.77 0.45 8.737
N2442 224889 26.67 27.747 0.132 25.848 0.113 24.42 0.48 8.676
N2442 2194522 27.06 28.148 0.219 26.552 0.102 25.41 0.51 8.873
N2442 178803 27.13 27.885 0.112 26.018 0.106 24.63 0.47 8.82
N2442 56334 27.28 27.211 0.187 25.796 0.061 24.49 0.6 9.105
N2442 80528 27.51 27.445 0.081 26.16 0.124 24.5 0.56 9.065
N2442 43284 27.64 27.867 0.139 26.214 0.095 24.51 0.5 9.243
N2442 143447 27.67 27.56 0.09 26.328 0.114 24.6 0.43 9.17
N2442 101202 27.78 27.042 0.086 26.042 0.14 24.89 0.66 9.045
N2442 283472 28.64 27.544 0.094 26.467 0.272 25.0 0.56 8.888
N2442 132595 28.64 27.452 0.124 25.951 0.134 24.26 0.69 9.104
N2442 284952 29.17 27.519 0.153 25.861 0.134 24.33 0.44 8.64
N2442 308608 29.45 27.22 0.146 25.752 0.169 24.05 0.42 8.669
N2442 250399 29.47 26.767 0.115 25.676 0.066 24.37 0.47 8.976
N2442 115577 29.75 27.696 0.137 25.975 0.14 24.32 0.6 9.144
N2442 194211 29.81 28.166 0.169 26.046 0.121 24.3 0.57 9.083
N2442 91353 29.83 27.782 0.169 25.907 0.095 24.67 0.59 9.215
N2442 264603 29.85 27.976 0.223 26.223 0.162 24.69 0.43 8.851
N2442 110273 29.95 27.492 0.241 25.724 0.122 24.4 0.6 9.194
N2442 291564 29.99 27.671 0.12 25.989 0.084 24.82 0.55 8.755
N2442 76733 30.34 26.962 0.087 25.419 0.091 24.6 0.45 9.185
N2442 141631 30.59 27.038 0.159 26.129 0.1 24.56 0.65 9.092
N2442 250718 30.83 28.018 0.149 26.302 0.119 24.83 0.62 8.951
N2442 200409 30.97 26.906 0.126 25.375 0.145 24.03 0.47 8.88
N2442 130494 33.16 27.78 0.288 25.706 0.052 24.93 0.4 9.106
N2442 91119 33.42 27.767 0.201 25.842 0.112 24.48 0.38 8.701
N2442 127193 33.67 26.677 0.114 25.229 0.074 23.87 0.64 9.08
N2442 256686 34.06 27.191 0.179 25.331 0.095 23.51 0.52 8.777
N2442 261836 34.2 28.338 0.196 26.414 0.152 24.94 0.68 8.779
N2442 255251 34.38 27.605 0.135 26.137 0.134 24.63 0.56 8.826
N2442 138447 34.39 27.066 0.108 25.417 0.09 24.35 0.38 9.079
N2442 127903 34.44 27.287 0.118 25.969 0.148 25.04 0.49 9.101
N2442 58232 34.56 27.206 0.106 25.625 0.042 24.47 0.51 8.721
N2442 59168 35.19 27.747 0.141 25.841 0.105 24.54 0.61 9.181
N2442 296832 35.34 27.022 0.095 25.286 0.06 24.08 0.53 8.717
N2442 283204 35.56 27.436 0.152 25.608 0.092 23.95 0.5 8.728
N2442 260016 35.98 28.038 0.158 26.267 0.093 24.77 0.43 8.575
N2442 211672 36.18 27.21 0.156 25.555 0.078 23.8 0.58 9.059
N2442 304831 36.53 27.317 0.08 25.949 0.141 24.75 0.61 8.761
N2442 60928 36.66 26.968 0.113 25.511 0.121 24.11 0.41 9.198
N2442 188095 36.74 27.676 0.171 25.795 0.08 24.45 0.39 8.799
N2442 82565 36.76 26.835 0.151 25.418 0.138 24.0 0.59 9.043
N2442 49027 37.13 27.41 0.141 25.632 0.079 24.0 0.52 9.247
N2442 307935 37.33 27.244 0.128 25.655 0.074 24.54 0.46 8.762
N2442 109277 37.37 26.683 0.154 25.107 0.074 24.1 0.59 9.046
N2442 90441 38.02 27.374 0.175 25.627 0.11 24.29 0.44 9.024
N2442 94954 38.03 26.813 0.097 25.243 0.1 24.15 0.51 9.043
N2442 286770 38.03 27.37 0.126 25.791 0.09 24.35 0.59 8.877
N2442 52825 38.31 27.318 0.101 25.633 0.057 24.66 0.54 9.119
N2442 309722 38.33 27.141 0.14 25.464 0.058 23.81 0.44 8.755
N2442 133957 39.79 27.186 0.17 25.612 0.133 24.27 0.56 9.086
N2442 276604 40.49 27.695 0.162 26.007 0.105 24.41 0.55 8.898
N2442 134174 40.71 26.839 0.097 25.265 0.093 23.93 0.6 9.042
N2442 39398 40.74 27.147 0.096 25.823 0.086 24.72 0.37 9.115
N2442 266788 40.97 27.877 0.18 25.701 0.079 24.51 0.45 8.637
N2442 157022 41.66 27.359 0.115 25.312 0.06 23.98 0.44 9.089
N2442 289797 41.72 27.858 0.172 25.851 0.082 24.05 0.56 8.813
N2442 117184 42.11 26.993 0.139 25.7 0.147 24.41 0.53 9.058
N2442 105613 43.29 28.056 0.221 26.065 0.144 24.49 0.42 9.261
N2442 289866 44.06 27.779 0.122 26.013 0.117 24.91 0.32 8.856
N2442 298319 44.95 27.364 0.174 25.282 0.07 24.11 0.56 8.711
N2442 202104 45.54 27.337 0.136 25.397 0.093 23.6 0.49 8.884
N2442 168518 46.47 27.035 0.109 25.385 0.067 23.72 0.33 8.659
N2442 154766 46.63 28.022 0.196 25.924 0.125 24.3 0.39 8.647
N2442 230922 46.9 27.069 0.118 25.512 0.091 24.2 0.42 8.782
N2442 78732 47.27 27.112 0.122 25.556 0.088 24.12 0.41 9.054
N2442 112435 48.0 28.03 0.239 26.211 0.129 24.69 0.45 9.129
N2442 159386 48.82 26.73 0.093 25.355 0.079 23.95 0.52 9.045
N2442 172572 52.0 26.669 0.121 25.156 0.046 23.77 0.44 9.147
N2442 250213 52.03 27.018 0.135 25.246 0.087 24.07 0.53 8.98
N2442 305555 53.65 27.343 0.119 25.572 0.054 24.22 0.58 8.733
N2442 249920 53.85 26.875 0.101 25.361 0.093 24.33 0.51 8.981
N2442 241406 57.96 27.255 0.103 25.244 0.084 23.72 0.47 8.953
N2442 267506 59.23 26.608 0.086 24.96 0.043 23.35 0.48 8.84
N2442 247123 59.33 26.589 0.15 25.122 0.064 23.77 0.44 8.983
N2442 51090 62.39 27.02 0.102 25.013 0.041 23.66 0.41 9.115
N2442 259540 63.46 26.952 0.121 25.189 0.052 24.25 0.34 8.619
N2442 234145 63.84 27.133 0.107 25.002 0.053 23.98 0.28 8.623
N2442 281192 67.41 26.741 0.082 25.09 0.055 23.9 0.38 8.659
N2442 300268 69.59 26.552 0.103 24.796 0.038 23.56 0.22 8.576
N2442 200106 69.61 26.774 0.116 25.04 0.076 23.43 0.4 8.871
N2442 54562 75.16 26.562 0.062 24.897 0.04 23.42 0.19 8.734
N2442 260081 77.54 26.563 0.112 25.106 0.044 23.67 0.35 8.758
N3021 64252 16.18 27.543 0.042 26.639 0.056 25.72 0.58 8.831
N3021 97590 18.24 27.19 0.031 26.212 0.058 25.05 0.54 8.972
N3021 114118 20.6 28.305 0.058 27.192 0.049 26.8 0.58 8.93
N3021 80760 21.01 27.585 0.029 26.436 0.038 25.79 0.6 8.914
N3021 155661 22.98 27.803 0.023 26.834 0.03 25.64 0.29 8.665
N3021 143080 23.95 27.698 0.04 26.496 0.041 25.3 0.46 8.968
N3021 124526 26.78 27.297 0.04 26.13 0.037 25.49 0.37 8.875
N3021 122365 31.09 26.951 0.043 26.043 0.034 25.57 0.53 9.197
N3021 74434 31.68 26.579 0.022 25.727 0.028 24.54 0.5 9.045
N3021 114576 33.18 27.082 0.034 26.041 0.034 24.83 0.31 9.007
N3021 127220 35.31 28.329 0.04 26.852 0.048 25.65 0.31 8.945
N3021 141178 36.38 27.321 0.026 26.065 0.039 25.35 0.3 8.936
N3021 120418 35.34 26.747 0.035 25.928 0.051 25.23 0.43 9.166
N3021 123439 39.41 26.807 0.021 25.642 0.032 25.02 0.31 8.895
N3021 67964 39.83 28.542 0.053 27.323 0.066 26.08 0.43 8.964
N3021 59565 44.28 26.818 0.034 26.258 0.079 25.06 0.24 8.869
N3021 107249 56.24 26.846 0.033 25.544 0.032 24.65 0.53 9.089
N3021 65081 58.08 26.14 0.027 25.26 0.038 24.31 0.24 8.842
N3370 42916 24.06 27.988 0.03 26.576 0.043 24.84 0.43 8.777
N3370 40625 24.08 27.674 0.025 26.529 0.047 25.68 0.56 8.929
N3370 170179 24.62 27.719 0.056 26.65 0.036 25.44 0.25 8.447
N3370 77247 24.89 27.558 0.033 26.494 0.034 25.39 0.22 8.597
N3370 2053060 25.38 27.185 0.038 26.334 0.04 25.1 0.66 8.96
N3370 140127 25.41 27.493 0.058 26.066 0.059 24.53 0.38 8.782
N3370 75776 26.39 27.507 0.043 26.234 0.057 25.19 0.27 8.673
N3370 65151 26.63 28.01 0.074 26.802 0.066 25.7 0.32 8.709
N3370 60692 26.67 27.615 0.037 26.393 0.045 25.22 0.45 8.798
N3370 144079 26.81 27.605 0.046 26.382 0.043 25.47 0.3 8.565
N3370 157064 28.49 27.639 0.046 26.38 0.049 25.05 0.28 8.631
N3370 58859 28.99 27.65 0.04 26.321 0.045 25.09 0.34 8.809
N3370 138531 29.52 27.842 0.048 26.789 0.047 25.65 0.24 8.607
N3370 77712 30.03 27.194 0.031 26.076 0.049 24.55 0.53 8.943
N3370 36935 30.14 27.153 0.029 26.154 0.03 25.28 0.55 8.894
N3370 147636 30.31 27.632 0.033 26.186 0.042 24.98 0.21 8.542
N3370 30963 30.38 27.579 0.041 26.296 0.058 25.35 0.38 8.838
N3370 10141 31.2 27.839 0.039 26.465 0.05 24.73 0.33 8.636
N3370 71353 31.31 27.69 0.054 26.493 0.059 25.04 0.54 8.906
N3370 26623 31.37 27.395 0.037 26.331 0.051 25.47 0.24 8.72
N3370 85290 31.47 27.448 0.029 26.271 0.03 25.34 0.26 8.713
N3370 66128 32.79 27.182 0.027 25.91 0.034 24.57 0.37 8.887
N3370 74164 34.07 26.676 0.034 25.461 0.035 24.16 0.59 8.957
N3370 54733 34.34 26.593 0.044 25.67 0.067 24.6 0.7 9.048
N3370 82233 34.64 26.788 0.035 25.583 0.051 23.95 0.36 9.022
N3370 47147 34.97 27.367 0.036 26.124 0.042 24.98 0.48 8.979
N3370 72754 35.06 27.363 0.034 26.01 0.049 24.96 0.28 8.697
N3370 147159 35.25 27.41 0.031 26.103 0.038 24.61 0.27 8.737
N3370 163049 35.27 27.171 0.034 26.031 0.045 24.81 0.21 8.561
N3370 67708 35.72 26.885 0.024 25.843 0.022 24.62 0.21 8.576
N3370 153082 35.73 27.116 0.025 25.953 0.031 24.68 0.24 8.686
N3370 25985 36.46 27.461 0.051 26.225 0.049 24.92 0.39 8.8
N3370 161906 36.61 27.236 0.026 26.026 0.033 25.15 0.21 8.497
N3370 92881 37.46 27.09 0.033 25.89 0.04 25.12 0.25 8.775
N3370 140125 38.36 27.549 0.041 26.27 0.054 24.55 0.31 8.757
N3370 72864 38.57 26.324 0.015 25.346 0.013 24.62 0.24 8.811
N3370 121969 38.77 26.946 0.053 25.707 0.045 24.33 0.26 8.768
N3370 92511 39.22 26.418 0.039 25.36 0.041 24.67 0.26 8.732
N3370 120631 39.76 26.881 0.038 25.569 0.055 24.33 0.48 8.915
N3370 42842 40.49 26.295 0.021 25.286 0.024 24.47 0.4 8.898
N3370 41321 40.97 27.484 0.039 26.098 0.062 24.95 0.45 8.921
N3370 65660 41.22 27.281 0.038 26.044 0.049 24.49 0.49 8.932
N3370 71357 44.28 27.082 0.025 25.768 0.04 24.09 0.29 8.866
N3370 69222 44.37 26.816 0.024 25.664 0.046 24.68 0.43 9.097
N3370 29983 42.91 26.687 0.023 25.302 0.047 23.93 0.32 8.836
N3370 33115 45.37 26.692 0.044 25.381 0.055 24.65 0.47 8.864
N3370 134313 46.56 26.692 0.041 25.442 0.038 24.7 0.2 8.606
N3370 87112 47.66 26.643 0.017 25.512 0.02 24.25 0.24 8.909
N3370 137161 49.43 27.364 0.051 26.153 0.045 24.7 0.32 8.793
N3370 145867 49.69 26.957 0.037 25.671 0.041 24.44 0.23 8.753
N3370 54553 54.11 26.837 0.028 25.649 0.025 24.38 0.22 8.759
N3370 87200 55.27 27.159 0.028 25.992 0.027 24.75 0.35 8.914
N3370 96608 61.76 26.183 0.019 24.914 0.022 23.8 0.19 8.737
N3370 33971 61.8 26.573 0.032 25.429 0.035 24.12 0.26 8.845
N3370 11444 66.91 26.151 0.02 25.21 0.017 23.71 0.19 8.642
N3370 11019 67.43 26.601 0.06 25.088 0.07 23.83 0.21 8.646
N3370 97670 67.74 26.871 0.032 25.372 0.027 23.77 0.51 9.061
N3370 75264 68.99 25.957 0.018 24.745 0.021 23.58 0.19 8.843
N3370 75521 72.83 25.903 0.014 24.807 0.017 23.66 0.3 8.939
N3370 89356 75.49 26.605 0.029 25.294 0.043 23.58 0.22 8.888
N3370 64613 84.92 26.125 0.041 24.979 0.043 23.94 0.3 9.029
N3370 145193 88.17 25.61 0.019 24.586 0.027 23.74 0.18 8.756
N3370 34933 96.1 25.936 0.03 24.681 0.029 23.51 0.21 8.798
N3447 23604 20.06 27.209 0.147 26.28 0.131 24.91 0.44 8.647
N3447 78994 20.3 27.501 0.13 26.636 0.139 25.68 0.42 8.877
N3447 89098 20.32 27.545 0.175 26.651 0.097 25.14 0.26 8.706
N3447 67503 20.42 28.103 0.232 26.739 0.121 26.25 0.46 8.497
N3447 111248 20.55 27.354 0.118 26.403 0.125 25.23 0.5 8.757
N3447 86910 20.7 26.987 0.153 26.184 0.083 25.59 0.42 8.896
N3447 81488 20.82 26.296 0.119 25.194 0.058 24.69 0.48 8.788
N3447 130567 21.12 27.323 0.125 26.263 0.102 25.54 0.25 8.688
N3447 47464 22.08 26.83 0.071 26.165 0.107 25.33 0.31 8.547
N3447 75664 22.36 27.14 0.102 26.123 0.097 24.87 0.22 8.71
N3447 131969 22.49 27.124 0.146 26.52 0.135 25.32 0.26 8.709
N3447 59615 22.53 27.311 0.171 25.859 0.062 24.61 0.47 8.751
N3447 74973 22.83 27.111 0.138 26.363 0.091 25.06 0.22 8.703
N3447 115489 22.98 27.23 0.104 26.368 0.144 25.13 0.25 8.908
N3447 131834 23.11 27.411 0.127 26.17 0.058 25.18 0.21 8.716
N3447 135216 23.15 27.404 0.102 26.37 0.094 24.86 0.31 8.746
N3447 126584 24.18 27.348 0.11 26.292 0.077 25.66 0.28 8.735
N3447 118584 24.19 27.177 0.091 26.61 0.175 25.75 0.39 8.735
N3447 75725 24.2 27.551 0.092 26.323 0.094 25.65 0.33 8.752
N3447 113270 24.35 27.224 0.107 26.233 0.094 25.59 0.31 8.729
N3447 155009 24.44 27.834 0.164 26.528 0.128 25.31 0.31 8.561
N3447 123914 24.49 27.533 0.26 26.372 0.09 25.46 0.39 8.717
N3447 152848 24.78 27.232 0.108 26.109 0.058 25.06 0.19 8.566
N3447 122695 25.4 27.094 0.095 25.912 0.077 24.39 0.58 8.572
N3447 2036991 25.52 27.035 0.099 26.123 0.115 24.54 0.66 8.779
N3447 80864 25.75 26.601 0.102 25.92 0.083 25.13 0.26 8.743
N3447 104650 26.4 27.498 0.17 26.397 0.134 24.88 0.25 8.9
N3447 27719 27.11 27.199 0.128 26.212 0.087 25.55 0.32 8.653
N3447 82951 27.32 26.803 0.171 26.082 0.07 24.94 0.58 8.786
N3447 79170 27.37 26.275 0.083 25.474 0.059 24.65 0.41 8.641
N3447 99463 27.72 27.448 0.213 26.308 0.165 25.54 0.39 8.756
N3447 66906 27.87 27.101 0.201 25.674 0.095 25.17 0.63 8.702
N3447 118943 28.75 27.013 0.06 25.881 0.062 25.22 0.14 8.896
N3447 25296 29.19 26.895 0.079 26.079 0.072 25.0 0.22 8.521
N3447 115658 29.31 27.517 0.091 26.549 0.11 25.67 0.35 8.769
N3447 23998 29.67 26.924 0.125 25.831 0.08 24.76 0.23 8.651
N3447 75853 29.99 26.673 0.07 25.811 0.088 24.49 0.22 8.791
N3447 59012 30.0 27.157 0.125 26.12 0.072 25.21 0.28 8.793
N3447 115751 30.41 27.296 0.124 26.33 0.081 25.52 0.42 8.758
N3447 143046 30.53 27.053 0.11 26.261 0.092 24.92 0.2 8.577
N3447 99305 30.93 26.658 0.086 25.9 0.07 25.19 0.3 8.87
N3447 28352 31.65 26.999 0.097 25.885 0.078 24.83 0.19 8.623
N3447 126368 32.02 26.407 0.134 25.676 0.102 24.33 0.24 8.733
N3447 26549 32.18 26.556 0.115 25.849 0.099 24.66 0.19 8.634
N3447 110619 32.24 27.185 0.1 26.065 0.076 24.88 0.35 8.736
N3447 135377 32.86 26.857 0.165 25.728 0.066 24.34 0.24 8.67
N3447 76552 33.24 26.858 0.118 25.905 0.077 24.93 0.27 8.55
N3447 122444 33.86 27.308 0.169 25.727 0.062 24.95 0.32 8.736
N3447 126077 34.22 26.835 0.097 25.574 0.052 24.34 0.32 8.551
N3447 151664 35.37 27.223 0.119 26.052 0.071 24.93 0.2 8.623
N3447 73409 35.38 26.876 0.089 25.859 0.07 24.44 0.27 8.776
N3447 71205 35.69 27.463 0.151 25.881 0.123 24.79 0.28 8.859
N3447 87900 36.01 26.912 0.096 25.709 0.064 24.4 0.18 8.721
N3447 90651 36.03 26.676 0.12 25.585 0.058 24.27 0.2 8.922
N3447 86972 36.23 26.131 0.058 25.422 0.073 24.37 0.23 8.746
N3447 153419 36.75 26.557 0.058 25.452 0.041 24.41 0.14 8.611
N3447 146000 36.98 26.742 0.094 25.624 0.068 24.79 0.17 8.555
N3447 95760 37.72 26.59 0.067 25.699 0.06 24.52 0.15 8.814
N3447 86619 38.74 26.316 0.103 25.477 0.049 24.14 0.17 8.733
N3447 111859 39.23 27.167 0.122 25.978 0.08 24.56 0.24 8.757
N3447 107513 39.53 26.505 0.079 25.574 0.057 24.24 0.17 8.773
N3447 98902 39.6 26.208 0.072 25.282 0.059 24.27 0.15 8.805
N3447 91688 40.1 26.359 0.065 25.591 0.099 24.22 0.26 8.604
N3447 89645 40.54 27.322 0.114 25.795 0.055 24.51 0.16 8.821
N3447 74689 43.23 26.718 0.168 25.543 0.097 23.93 0.31 8.759
N3447 99630 44.64 26.41 0.095 24.993 0.053 24.16 0.18 8.778
N3447 35694 45.57 25.789 0.05 24.824 0.035 24.06 0.12 8.703
N3447 88745 46.1 26.601 0.089 25.511 0.058 24.05 0.27 8.789
N3447 59903 47.09 26.295 0.088 25.278 0.062 24.54 0.22 8.632
N3447 112471 48.41 26.799 0.085 25.469 0.052 24.28 0.26 8.765
N3447 78048 49.31 26.32 0.078 25.414 0.052 24.45 0.19 8.754
N3447 65526 60.59 25.654 0.061 24.789 0.031 24.04 0.11 8.722
N3447 83054 60.76 26.508 0.118 25.262 0.068 23.69 0.2 8.542
N3447 96343 63.12 26.014 0.082 24.821 0.045 23.46 0.16 8.799
N3447 105631 63.76 26.204 0.093 25.126 0.049 23.82 0.25 8.594
N3447 110021 64.35 26.267 0.092 25.028 0.038 23.73 0.15 8.844
N3447 123558 64.36 25.679 0.081 24.614 0.048 23.62 0.2 8.56
N3447 27563 70.59 25.908 0.05 24.966 0.035 23.86 0.13 8.652
N3447 127497 71.61 25.856 0.068 24.478 0.034 23.56 0.17 8.553
N3447 128639 72.5 25.901 0.09 24.764 0.072 23.74 0.18 8.561
N3972 113714 15.38 27.705 0.178 26.662 0.106 25.39 0.61 9.073
N3972 245430 15.45 28.022 0.172 26.739 0.118 25.24 0.61 8.948
N3972 191489 15.77 27.288 0.127 26.608 0.217 25.25 0.54 9.147
N3972 46978 16.26 27.853 0.133 26.874 0.154 25.86 0.54 8.98
N3972 68578 17.36 27.847 0.169 26.48 0.106 25.35 0.62 9.016
N3972 238386 17.76 27.678 0.108 26.388 0.113 25.62 0.62 8.916
N3972 194971 18.05 27.585 0.102 26.329 0.115 25.07 0.47 8.913
N3972 192797 18.11 27.6 0.102 26.2 0.15 24.4 0.56 9.13
N3972 107085 18.13 27.921 0.245 26.785 0.218 25.46 0.69 9.111
N3972 51271 18.15 27.941 0.109 27.057 0.185 25.36 0.52 8.995
N3972 255472 18.56 27.727 0.131 26.365 0.121 24.76 0.47 9.133
N3972 63704 18.83 27.618 0.113 26.386 0.111 24.88 0.49 9.029
N3972 249010 18.97 26.973 0.143 26.212 0.128 25.22 0.61 9.033
N3972 116720 19.16 27.73 0.151 26.326 0.152 24.83 0.61 9.103
N3972 65035 19.67 27.379 0.082 26.398 0.125 24.64 0.48 9.041
N3972 249804 20.57 27.929 0.163 26.532 0.167 25.65 0.57 9.102
N3972 212645 22.35 27.479 0.15 26.229 0.104 25.48 0.64 9.063
N3972 232029 22.47 26.931 0.227 26.055 0.125 24.69 0.39 9.117
N3972 141027 23.85 26.905 0.067 25.994 0.09 25.21 0.53 9.032
N3972 617595 24.87 28.319 0.334 26.893 0.146 25.17 0.57 9.158
N3972 72249 25.01 27.353 0.14 26.219 0.139 25.35 0.58 9.056
N3972 221018 25.04 27.505 0.131 26.017 0.099 24.56 0.6 9.167
N3972 63605 26.25 27.211 0.064 26.178 0.094 24.55 0.53 8.981
N3972 187890 27.17 27.806 0.13 26.195 0.131 24.51 0.42 8.947
N3972 245108 29.64 27.388 0.086 25.756 0.075 24.4 0.48 9.096
N3972 165764 30.21 26.363 0.083 25.54 0.091 24.48 0.41 9.152
N3972 264308 31.84 26.424 0.144 25.343 0.093 24.39 0.61 9.058
N3972 242318 32.03 26.547 0.075 25.5 0.069 23.68 0.58 9.158
N3972 112666 33.42 26.776 0.108 25.493 0.048 24.75 0.54 9.118
N3972 91666 36.5 27.027 0.111 26.012 0.088 24.13 0.4 9.091
N3972 157150 36.6 26.516 0.097 25.601 0.065 24.42 0.3 8.94
N3972 212410 39.39 26.856 0.047 25.699 0.082 24.78 0.5 9.153
N3972 89743 46.12 26.703 0.088 25.127 0.052 23.68 0.42 9.124
N3972 141043 46.32 26.578 0.107 25.365 0.118 24.23 0.49 9.249
N3972 52275 53.88 26.855 0.063 25.417 0.042 23.83 0.21 8.99
N3972 267342 54.17 26.142 0.083 24.869 0.039 23.71 0.28 9.032
N3972 119395 55.87 26.195 0.079 25.075 0.065 23.53 0.47 9.218
N3972 165588 58.02 26.646 0.055 25.358 0.059 23.56 0.14 8.827
N3972 200784 62.6 25.884 0.087 24.565 0.056 23.25 0.49 9.259
N3972 105087 65.5 26.517 0.102 25.115 0.057 23.9 0.29 9.14
N3972 157573 65.56 26.175 0.128 24.941 0.065 24.03 0.53 9.334
N3972 237600 70.55 26.19 0.094 24.801 0.062 23.5 0.26 9.124
N3982 35102 21.38 26.931 0.037 25.941 0.076 24.84 0.31 9.0
N3982 16746 21.65 27.344 0.044 26.217 0.102 25.23 0.29 8.726
N3982 14652 28.22 26.126 0.038 24.983 0.087 23.76 0.53 8.92
N3982 35316 29.74 26.965 0.044 25.646 0.061 24.59 0.45 8.892
N3982 72633 32.53 27.133 0.029 25.898 0.052 24.36 0.17 8.458
N3982 16117 33.81 26.706 0.063 25.483 0.09 24.35 0.4 8.962
N3982 10406 34.21 26.918 0.026 25.578 0.054 24.77 0.2 8.672
N3982 69280 38.69 27.001 0.038 25.707 0.065 24.35 0.18 8.43
N3982 67799 40.44 27.042 0.041 25.942 0.07 24.53 0.17 8.578
N3982 10346 40.45 26.852 0.044 25.452 0.089 24.25 0.27 8.793
N3982 82298 41.68 26.566 0.023 25.627 0.05 24.37 0.23 8.789
N3982 32060 46.98 26.734 0.037 25.378 0.063 24.3 0.43 9.015
N3982 10837 47.46 26.836 0.06 25.603 0.098 24.21 0.24 8.83
N3982 52860 52.59 25.634 0.035 24.777 0.068 23.93 0.48 9.055
N3982 72603 57.63 26.189 0.043 25.141 0.063 23.79 0.17 8.461
N3982 26154 83.3 25.036 0.021 24.142 0.044 23.32 0.3 9.074
N4038 59401 40.21 26.939 0.036 25.362 0.059 24.35 0.4 9.044
N4038 56965 40.48 26.158 0.028 25.023 0.046 23.84 0.47 9.054
N4038 67110 41.07 26.156 0.032 25.191 0.056 23.69 0.52 9.018
N4038 75207 45.26 26.666 0.033 25.253 0.053 23.7 0.31 8.982
N4038 77376 53.13 26.419 0.04 24.792 0.072 23.45 0.52 8.931
N4038 12435 54.5 25.928 0.033 25.02 0.058 24.02 0.5 9.091
N4038 4633 57.27 26.069 0.032 24.977 0.055 23.63 0.62 9.009
N4038 62538 72.38 25.794 0.03 24.434 0.046 23.16 0.4 8.985
N4038 67639 72.94 25.818 0.022 24.407 0.035 22.88 0.4 9.067
N4038 69575 80.26 24.133 0.015 22.956 0.032 21.98 0.36 9.046
N4038 8342 93.07 25.521 0.021 24.213 0.036 23.35 0.38 9.055
N4038 67811 93.57 25.782 0.023 24.235 0.037 22.71 0.25 8.937
N4038 13068 97.11 24.453 0.024 23.656 0.041 22.19 0.42 9.094
N4258 F13 14.81 25.276 0.044 24.068 0.062 22.8 0.23 8.787
N4258 F16 19.96 25.189 0.055 23.78 0.067 22.38 0.27 8.826
N4258 F33 60.98 24.417 0.068 22.877 0.04 21.62 0.17 8.786
N4258 F29 26.83 25.543 0.045 24.215 0.091 23.12 0.23 8.863
N4258 F20 30.9 25.25 0.045 23.914 0.065 22.61 0.18 8.867
N4258 F12 57.49 23.704 0.083 22.333 0.072 21.18 0.2 8.883
N4258 F11 16.86 25.501 0.051 24.143 0.064 22.78 0.27 8.804
N4258 C068 31.19 24.74 0.07 23.461 0.045 22.46 0.18 8.776
N4258 C056 21.26 25.158 0.086 23.765 0.082 22.5 0.19 8.772
N4258 MO021853 6.156 26.7 0.035 25.609 0.033 24.79 0.43 8.749
N4258 MO023973 7.278 26.129 0.032 25.238 0.038 24.66 0.31 8.755
N4258 C015 8.592 25.149 0.084 24.224 0.078 23.65 0.28 8.741
N4258 MO024025 9.204 25.743 0.015 24.76 0.016 24.04 0.26 8.755
N4258 MO022252 9.817 26.49 0.042 25.261 0.037 24.03 0.29 8.75
N4258 C053 18.32 24.974 0.08 23.961 0.059 23.21 0.19 8.735
N4258 F01 23.75 25.185 0.049 23.842 0.061 22.45 0.17 8.755
N4258 C070 32.3 24.782 0.054 23.486 0.096 22.22 0.18 8.718
N4258 MO028606 43.78 24.257 0.022 23.006 0.024 21.73 0.15 8.769
N4258 C082 45.56 23.968 0.05 22.794 0.053 21.59 0.17 8.744
N4258 C089 83.26 23.302 0.046 22.139 0.078 21.0 0.17 8.743
N4258 MI144755 12.1 25.605 0.017 24.267 0.018 23.34 0.23 8.811
N4258 F10 39.12 24.691 0.046 23.498 0.087 22.07 0.18 8.779
N4258 MI100117 6.798 25.736 0.036 24.902 0.036 23.84 0.48 8.875
N4258 MI085481 7.254 25.972 0.026 24.787 0.027 24.22 0.49 8.901
N4258 MI089375 12.65 25.372 0.019 24.31 0.022 22.94 0.59 8.892
N4258 F02 22.85 25.162 0.123 23.606 0.132 22.63 0.24 8.813
N4258 C033 11.03 26.876 0.108 25.363 0.112 24.15 0.3 8.82
N4258 F28 17.87 25.659 0.046 24.41 0.075 23.01 0.27 8.853
N4258 F06 38.15 24.773 0.074 23.256 0.086 21.9 0.19 8.815
N4258 MI099443 6.279 25.907 0.039 24.876 0.039 23.97 0.59 8.91
N4258 MI097361 6.565 26.139 0.025 24.957 0.027 24.05 0.54 8.917
N4258 MI112093 7.231 26.074 0.026 25.047 0.029 24.66 0.49 8.916
N4258 MI020604 7.627 25.994 0.031 24.897 0.033 24.27 0.61 8.885
N4258 MI115906 7.941 25.313 0.023 24.201 0.029 23.58 0.63 8.911
N4258 MI118600 7.978 25.729 0.021 24.598 0.025 23.9 0.51 8.908
N4258 MI097498 9.906 25.724 0.026 24.603 0.026 24.11 0.53 8.931
N4258 MI110213 11.6 25.55 0.042 24.178 0.051 23.22 0.38 8.911
N4258 MI100093 11.85 25.073 0.02 24.193 0.025 23.31 0.57 8.912
N4258 MI113982 11.99 25.528 0.023 24.556 0.02 23.65 0.38 8.906
N4258 MI058469 12.87 25.564 0.021 24.348 0.022 22.97 0.52 8.916
N4258 MI099783 14.4 25.324 0.021 24.299 0.02 22.95 0.51 8.901
N4258 MI084851 14.48 25.4 0.02 24.395 0.021 23.26 0.33 8.884
N4258 MI122858 14.59 24.991 0.03 24.052 0.031 23.04 0.33 8.901
N4258 MI099411 17.08 25.171 0.021 24.014 0.022 23.4 0.38 8.922
N4258 MI095003 20.42 25.551 0.022 24.156 0.019 23.32 0.39 8.907
N4258 MI105183 22.89 25.057 0.014 23.807 0.014 22.64 0.34 8.926
N4258 MI103070 24.76 25.161 0.019 23.857 0.018 22.66 0.32 8.928
N4258 MI099756 28.42 24.661 0.046 23.454 0.03 22.68 0.33 8.909
N4258 MI097135 31.19 24.921 0.02 23.53 0.018 22.45 0.27 8.923
N4258 MI101120 5.418 26.704 0.051 25.563 0.044 25.24 0.6 8.915
N4258 MI244397 5.525 25.992 0.039 25.113 0.051 24.53 0.4 8.936
N4258 MI062339 6.469 26.052 0.044 24.999 0.046 24.04 0.64 8.933
N4258 MI032080 6.559 25.929 0.021 24.985 0.029 24.32 0.58 8.91
N4258 MI090883 7.161 25.987 0.024 25.117 0.025 24.66 0.58 8.927
N4258 MI052829 7.643 25.496 0.027 24.34 0.03 23.37 0.5 8.947
N4258 MI062955 8.204 25.795 0.027 24.848 0.03 24.47 0.5 8.948
N4258 MI055978 8.219 25.611 0.019 24.512 0.026 24.0 0.58 8.972
N4258 MI092388 8.45 25.865 0.017 24.515 0.014 23.76 0.53 8.921
N4258 MI098042 9.42 25.656 0.019 24.559 0.02 23.74 0.67 8.924
N4258 MI025760 9.684 25.659 0.024 24.588 0.031 23.93 0.63 8.987
N4258 MI064217 9.774 25.829 0.031 24.751 0.037 23.55 0.62 8.946
N4258 MI025811 10.69 25.3 0.021 24.182 0.028 23.45 0.58 8.989
N4258 MI091209 10.71 25.078 0.015 24.139 0.02 23.48 0.5 8.942
N4258 MI091129 10.73 25.477 0.022 24.402 0.024 23.42 0.5 8.938
N4258 MI057246 10.94 25.1 0.015 24.063 0.019 23.19 0.51 8.947
N4258 MI051416 11.16 25.297 0.031 24.363 0.035 23.51 0.46 8.947
N4258 MI084547 11.62 25.174 0.021 24.238 0.028 23.41 0.5 8.948
N4258 MI061828 11.64 25.922 0.038 24.492 0.034 23.6 0.5 8.937
N4258 MI074725 11.96 25.163 0.022 24.2 0.026 23.06 0.55 8.955
N4258 MI059576 12.31 25.798 0.022 24.57 0.027 24.1 0.48 8.968
N4258 MI089618 12.41 25.631 0.022 24.455 0.02 23.41 0.44 8.942
N4258 MI021703 13.88 25.864 0.029 24.456 0.029 24.12 0.61 8.987
N4258 MI175464 13.95 25.772 0.043 24.312 0.039 23.75 0.6 8.989
N4258 MI090355 14.53 25.421 0.023 24.344 0.022 23.57 0.37 8.936
N4258 MI029222 14.66 25.256 0.03 24.301 0.031 23.6 0.5 8.99
N4258 MI017153 14.93 26.028 0.035 24.416 0.03 23.96 0.48 8.995
N4258 MI034667 15.77 24.88 0.057 23.727 0.058 22.86 0.51 8.982
N4258 MI006616 16.04 24.794 0.021 23.712 0.024 23.26 0.54 9.005
N4258 MI060978 16.09 25.655 0.022 24.265 0.024 23.88 0.63 8.952
N4258 MI040434 16.17 25.2 0.025 23.801 0.026 22.9 0.48 8.982
N4258 MI049332 16.21 24.599 0.024 23.757 0.025 23.44 0.41 8.961
N4258 MI019414 16.4 25.138 0.028 24.087 0.031 23.22 0.48 8.986
N4258 MI075254 16.75 25.131 0.019 23.971 0.019 22.93 0.56 8.954
N4258 MI038988 17.8 24.893 0.027 23.885 0.034 23.4 0.44 8.966
N4258 MI031478 18.16 24.646 0.022 23.682 0.021 22.57 0.49 8.983
N4258 MI014775 18.87 23.887 0.034 23.046 0.069 22.32 0.47 8.998
N4258 MI179138 19.57 25.628 0.03 24.314 0.029 23.68 0.38 8.987
N4258 MI001824 20.79 25.229 0.023 24.114 0.031 22.9 0.4 9.002
N4258 MI034408 21.65 24.292 0.024 23.292 0.017 22.03 0.6 8.98
N4258 MI023741 22.43 25.501 0.025 23.897 0.023 23.31 0.46 8.993
N4258 MI044839 22.6 24.971 0.024 23.77 0.026 22.69 0.42 8.96
N4258 MI104131 22.92 24.53 0.03 23.453 0.025 22.42 0.27 8.925
N4258 MI046945 23.28 24.537 0.027 23.487 0.029 22.29 0.54 8.959
N4258 MI043119 24.09 24.239 0.014 23.217 0.019 22.1 0.47 8.961
N4258 MI008361 24.14 24.684 0.02 23.276 0.021 22.33 0.54 8.999
N4258 MI030136 24.75 24.918 0.026 23.536 0.032 22.39 0.46 8.982
N4258 MI037683 26.42 25.468 0.025 23.87 0.022 22.78 0.43 8.976
N4258 MI106960 26.76 24.505 0.021 23.402 0.022 22.76 0.19 8.92
N4258 MI009241 26.87 24.366 0.023 23.505 0.013 22.36 0.48 8.988
N4258 MI014316 28.01 24.784 0.028 23.561 0.032 22.13 0.38 8.994
N4258 MI083857 29.94 23.564 0.03 22.701 0.034 21.49 0.28 8.932
N4258 MI036217 30.91 25.276 0.027 23.869 0.026 23.03 0.44 8.98
N4258 MI062769 31.55 23.889 0.018 22.976 0.019 21.88 0.29 8.966
N4258 MI017423 31.91 24.663 0.022 23.261 0.022 22.35 0.49 8.993
N4258 MI049279 32.24 24.047 0.015 22.99 0.013 21.94 0.38 8.949
N4258 MI029058 34.14 23.917 0.023 22.926 0.029 21.92 0.53 8.978
N4258 MI189390 34.99 23.988 0.023 22.879 0.024 21.87 0.28 8.955
N4258 MI017369 35.13 24.298 0.017 23.051 0.017 21.76 0.4 8.978
N4258 MI034159 38.92 24.037 0.027 22.828 0.028 21.77 0.4 8.975
N4258 MI008480 39.11 23.526 0.018 22.58 0.016 21.57 0.37 8.99
N4258 MI032759 39.31 23.957 0.028 22.811 0.026 21.97 0.38 8.929
N4258 MI000475 39.82 24.16 0.016 22.999 0.018 22.23 0.32 8.932
N4258 MI077610 44.25 23.799 0.02 22.674 0.018 21.44 0.3 8.945
N4258 C085 51.9 24.078 0.041 22.914 0.053 21.76 0.24 8.957
N4258 MI114689 5.173 25.52 0.025 24.732 0.027 24.36 0.46 8.879
N4258 MI131488 5.196 26.325 0.041 25.369 0.04 24.16 0.49 8.843
N4258 MI140072 6.698 26.107 0.037 25.148 0.037 24.22 0.32 8.765
N4258 MI098134 7.317 26.036 0.028 25.132 0.033 23.77 0.52 8.893
N4258 C016 8.61 25.545 0.068 24.575 0.076 23.83 0.24 8.722
N4258 MI125587 9.763 26.574 0.059 25.509 0.057 24.3 0.26 8.831
N4258 MI145186 10.74 25.316 0.019 24.422 0.021 23.57 0.21 8.771
N4258 C034 11.08 25.357 0.05 24.514 0.047 23.77 0.24 8.767
N4258 MI106997 15.34 24.786 0.038 23.838 0.047 23.5 0.34 8.897
N4258 MI144134 15.59 25.16 0.015 24.116 0.016 22.95 0.17 8.775
N4258 MI138294 16.22 25.183 0.021 24.071 0.022 22.73 0.19 8.833
N4258 MI143829 16.86 25.83 0.028 24.412 0.026 23.28 0.18 8.74
N4258 MI121078 18.03 24.73 0.015 23.571 0.017 22.89 0.28 8.895
N4258 MI116159 21.42 24.917 0.015 23.848 0.015 23.31 0.23 8.902
N4258 MI117779 5.384 26.119 0.038 25.251 0.051 24.89 0.54 8.9
N4258 MI083918 6.331 26.112 0.027 25.453 0.036 25.11 0.56 8.871
N4258 MI112780 7.242 25.915 0.029 25.043 0.033 24.28 0.56 8.901
N4258 MI109379 7.606 25.599 0.022 24.471 0.02 23.81 0.42 8.901
N4258 MI095711 11.08 25.722 0.021 24.464 0.021 23.63 0.43 8.889
N4258 C039 13.09 26.157 0.16 24.932 0.107 23.69 0.32 8.81
N4258 C051 17.56 25.325 0.058 24.117 0.068 23.37 0.23 8.834
N4258 MI121312 17.58 25.356 0.021 24.175 0.019 23.34 0.26 8.887
N4258 C054 18.53 25.118 0.051 24.102 0.063 23.43 0.22 8.852
N4258 MI118782 25.84 24.165 0.017 23.105 0.017 22.61 0.21 8.894
N4258 C024 9.376 25.41 0.04 24.25 0.071 23.5 0.23 8.8
N4424 66790 21.88 26.961 0.167 25.955 0.135 24.27 0.53 9.09
N4424 37604 28.63 26.388 0.091 25.256 0.043 24.5 0.42 9.058
N4424 44183 36.4 26.49 0.196 24.888 0.118 22.78 0.73 9.094
N4536 38858 16.1 26.4 0.038 25.493 0.064 24.33 0.41 8.836
N4536 68306 17.37 26.343 0.027 25.637 0.083 24.69 0.25 8.979
N4536 72777 17.9 25.885 0.028 25.067 0.08 24.46 0.36 8.726
N4536 64661 17.92 26.562 0.038 25.552 0.081 24.22 0.31 8.928
N4536 40923 18.45 26.702 0.034 25.528 0.071 24.23 0.27 8.539
N4536 75137 18.79 26.406 0.026 25.297 0.061 24.48 0.23 8.636
N4536 38963 19.22 26.26 0.048 25.051 0.079 24.35 0.31 8.573
N4536 69821 20.13 26.589 0.04 25.557 0.089 24.39 0.23 8.653
N4536 33174 20.79 26.064 0.051 25.341 0.093 24.53 0.27 8.56
N4536 60845 21.57 26.298 0.047 25.382 0.088 24.88 0.28 8.862
N4536 36586 21.77 26.525 0.04 25.237 0.089 24.83 0.37 8.742
N4536 58232 21.85 27.206 0.106 25.625 0.042 24.35 0.38 8.81
N4536 67162 24.06 26.107 0.03 24.998 0.069 23.8 0.23 9.004
N4536 51211 24.72 25.375 0.031 24.315 0.109 23.85 0.36 8.823
N4536 49080 27.53 26.457 0.037 25.307 0.062 23.91 0.33 8.762
N4536 49524 29.43 26.295 0.058 25.104 0.158 24.15 0.59 8.827
N4536 24880 29.66 26.242 0.033 25.087 0.079 23.95 0.27 8.579
N4536 46407 31.97 25.912 0.035 24.707 0.069 23.92 0.26 8.89
N4536 41282 35.21 25.531 0.023 24.451 0.046 23.31 0.26 8.692
N4536 56960 36.76 25.627 0.043 24.401 0.087 23.31 0.26 8.761
N4536 55447 37.28 25.838 0.033 24.759 0.045 24.07 0.33 8.777
N4536 70171 37.6 25.716 0.023 24.698 0.054 23.48 0.19 8.695
N4536 42962 38.41 25.533 0.029 24.443 0.069 23.86 0.24 8.909
N4536 35530 42.93 25.857 0.03 24.646 0.05 23.56 0.2 8.548
N4536 74682 44.28 25.536 0.048 24.329 0.062 23.27 0.23 8.928
N4536 62963 50.04 25.597 0.028 24.348 0.05 23.39 0.17 9.02
N4536 42055 52.97 25.216 0.023 24.047 0.032 23.08 0.17 8.521
N4536 47585 54.53 25.093 0.031 23.984 0.076 22.78 0.18 8.578
N4536 71233 59.27 24.656 0.02 23.46 0.045 22.57 0.25 8.781
N4536 65517 59.46 25.595 0.032 24.246 0.051 22.99 0.17 9.014
N4536 72636 70.45 24.941 0.019 23.767 0.022 22.94 0.17 8.948
N4536 44078 93.62 24.252 0.014 23.188 0.024 22.21 0.17 8.905
N4536 48663 98.78 24.386 0.009 23.056 0.013 22.13 0.16 8.887
N4639 35389 21.53 26.855 0.038 25.593 0.145 23.99 0.4 9.059
N4639 33734 22.26 26.738 0.048 25.787 0.15 24.62 0.36 8.885
N4639 46993 25.5 27.049 0.056 25.889 0.108 24.5 0.49 8.976
N4639 41122 25.81 26.607 0.03 25.624 0.13 23.83 0.45 9.078
N4639 64316 27.15 26.364 0.043 25.37 0.158 24.59 0.56 9.022
N4639 39422 30.6 26.851 0.06 25.847 0.167 24.14 0.41 9.11
N4639 78588 30.84 26.472 0.026 25.643 0.152 24.38 0.33 8.934
N4639 105055 32.08 26.003 0.022 25.226 0.083 24.33 0.23 8.805
N4639 44462 32.53 25.823 0.035 25.151 0.15 24.02 0.41 9.159
N4639 45055 32.59 25.986 0.027 25.119 0.135 24.0 0.52 9.166
N4639 107795 33.08 26.616 0.041 25.658 0.164 24.87 0.29 8.879
N4639 89925 33.45 26.859 0.039 26.038 0.152 24.78 0.29 8.876
N4639 27312 34.1 26.368 0.036 25.473 0.09 24.16 0.24 8.887
N4639 87883 40.9 26.106 0.025 25.146 0.111 23.39 0.35 9.003
N4639 114011 41.19 25.914 0.03 24.943 0.14 23.47 0.27 8.871
N4639 26954 45.66 26.428 0.029 25.406 0.12 24.03 0.28 8.887
N4639 84641 47.98 25.614 0.036 24.893 0.098 23.32 0.48 8.997
N4639 76749 48.27 26.227 0.045 25.068 0.222 23.64 0.51 9.086
N4639 86917 48.91 26.14 0.026 25.055 0.079 24.01 0.18 8.716
N4639 91692 50.18 25.858 0.027 24.619 0.103 23.45 0.43 9.089
N4639 115343 53.87 26.576 0.046 25.372 0.164 24.34 0.28 8.849
N4639 47978 55.57 25.988 0.026 25.115 0.092 24.11 0.29 8.946
N4639 66107 55.99 25.78 0.039 24.839 0.13 23.06 0.34 8.954
N4639 95301 59.46 27.179 0.163 25.905 0.166 22.5 0.34 9.082
N4639 36973 81.01 26.444 0.03 24.958 0.09 23.6 0.29 9.055
N5584 889136 20.77 27.309 0.068 26.131 0.106 24.8 0.35 8.754
N5584 787283 21.07 27.314 0.049 26.455 0.089 25.45 0.54 8.968
N5584 589456 21.41 27.792 0.099 26.289 0.135 24.63 0.48 9.01
N5584 648122 22.68 28.124 0.078 26.905 0.149 25.93 0.39 8.875
N5584 549585 22.92 26.959 0.047 26.083 0.096 25.02 0.55 9.008
N5584 534937 23.34 26.784 0.053 26.162 0.149 24.91 0.35 8.622
N5584 340379 23.55 27.747 0.066 26.456 0.087 25.64 0.35 8.904
N5584 82928 24.29 26.913 0.051 26.024 0.094 24.76 0.42 8.646
N5584 892554 25.03 27.39 0.063 25.99 0.12 24.4 0.42 8.811
N5584 912240 25.07 27.564 0.044 26.47 0.096 25.21 0.29 8.827
N5584 740028 25.57 27.246 0.06 26.218 0.101 24.88 0.53 9.005
N5584 550434 25.59 27.386 0.061 26.327 0.125 25.0 0.31 8.65
N5584 852752 26.36 27.035 0.051 25.697 0.067 24.44 0.39 8.845
N5584 563696 26.67 27.401 0.083 26.219 0.11 25.28 0.35 8.923
N5584 602554 26.72 27.073 0.062 25.996 0.083 24.85 0.52 8.822
N5584 298430 27.53 27.125 0.046 26.129 0.107 24.84 0.31 8.741
N5584 927325 27.87 27.407 0.048 26.1 0.071 24.58 0.35 8.765
N5584 281768 28.23 27.216 0.067 26.377 0.123 24.9 0.33 8.852
N5584 230093 28.36 27.895 0.066 26.338 0.086 24.82 0.55 8.798
N5584 412396 28.87 26.778 0.045 25.932 0.064 24.9 0.41 8.911
N5584 1073816 29.51 27.146 0.045 26.029 0.115 24.47 0.27 8.67
N5584 511109 30.01 26.983 0.049 25.844 0.079 24.62 0.42 9.039
N5584 504490 30.07 26.598 0.086 25.688 0.093 24.63 0.34 9.076
N5584 378235 30.17 27.023 0.042 25.922 0.074 24.64 0.25 8.594
N5584 521128 30.26 26.958 0.047 25.884 0.06 24.36 0.4 9.025
N5584 464626 30.31 27.11 0.04 25.909 0.077 24.77 0.46 8.906
N5584 918325 30.5 26.755 0.038 25.881 0.056 24.82 0.32 8.813
N5584 811974 31.07 26.417 0.041 25.303 0.065 24.22 0.27 8.767
N5584 220248 31.37 26.604 0.049 25.512 0.079 24.46 0.25 8.781
N5584 513372 31.99 26.811 0.037 25.625 0.061 24.17 0.5 8.957
N5584 157119 33.81 25.928 0.05 25.052 0.052 23.92 0.36 8.713
N5584 763038 34.0 26.732 0.055 25.732 0.088 25.01 0.42 8.955
N5584 493790 34.44 27.011 0.045 25.988 0.06 24.75 0.38 9.053
N5584 200467 35.08 27.194 0.055 25.751 0.113 24.78 0.34 8.734
N5584 253461 36.28 26.816 0.039 25.464 0.045 24.2 0.39 8.774
N5584 390652 36.49 26.689 0.047 25.78 0.071 24.25 0.37 8.869
N5584 738261 36.55 27.204 0.03 25.743 0.041 24.39 0.46 8.978
N5584 191706 36.58 26.808 0.076 25.814 0.116 24.51 0.32 8.697
N5584 606041 36.89 26.182 0.046 25.352 0.051 23.82 0.34 8.837
N5584 1015181 37.17 26.47 0.033 25.48 0.044 24.16 0.22 8.729
N5584 550433 38.04 26.82 0.039 25.491 0.059 24.21 0.23 8.664
N5584 605531 38.08 26.946 0.041 25.782 0.069 24.73 0.31 8.941
N5584 513827 38.21 27.007 0.051 25.696 0.076 24.68 0.46 9.089
N5584 449157 38.49 26.641 0.032 25.695 0.044 25.05 0.46 9.0
N5584 727892 38.66 26.491 0.038 25.41 0.055 24.5 0.24 8.73
N5584 571414 39.16 26.464 0.035 25.38 0.075 23.95 0.34 8.938
N5584 238461 39.17 27.121 0.033 25.655 0.047 24.7 0.34 8.791
N5584 175413 39.42 26.701 0.051 25.672 0.082 24.51 0.26 8.709
N5584 715986 39.96 27.053 0.043 25.61 0.055 24.32 0.26 8.857
N5584 810216 40.52 27.11 0.047 25.854 0.069 25.01 0.29 8.905
N5584 374736 41.52 26.505 0.034 25.33 0.048 24.43 0.34 8.88
N5584 411135 43.47 26.223 0.03 25.198 0.041 24.08 0.37 8.968
N5584 97566 43.49 26.831 0.039 25.413 0.048 24.12 0.34 8.658
N5584 543151 43.95 26.88 0.045 25.476 0.059 23.87 0.37 8.983
N5584 1031574 46.23 26.221 0.033 25.128 0.05 24.16 0.19 8.707
N5584 478350 46.76 26.966 0.027 25.546 0.037 24.3 0.37 8.941
N5584 775000 47.94 26.881 0.03 25.394 0.059 24.04 0.35 8.78
N5584 610213 48.21 26.547 0.027 25.212 0.035 23.86 0.35 9.012
N5584 295981 49.03 26.126 0.045 25.218 0.065 24.38 0.25 8.857
N5584 766511 49.35 26.61 0.032 25.304 0.04 24.35 0.17 8.692
N5584 858989 51.77 26.268 0.039 25.064 0.024 23.45 0.26 8.876
N5584 502797 51.93 26.393 0.033 25.115 0.051 23.69 0.28 9.005
N5584 549082 52.17 26.404 0.034 25.235 0.033 24.08 0.31 9.086
N5584 673309 53.56 26.46 0.026 25.124 0.044 23.61 0.25 8.841
N5584 473829 55.14 26.048 0.02 24.95 0.017 23.53 0.25 8.822
N5584 823580 56.17 26.743 0.028 25.368 0.04 23.72 0.2 8.91
N5584 111577 56.72 25.698 0.027 24.949 0.035 23.8 0.24 8.676
N5584 628911 57.84 25.806 0.032 24.685 0.038 23.52 0.25 8.873
N5584 329366 58.93 27.34 0.047 25.971 0.062 24.58 0.27 8.764
N5584 607520 60.05 25.675 0.022 24.536 0.026 23.73 0.2 8.878
N5584 715226 60.55 26.57 0.025 25.327 0.038 24.14 0.4 9.014
N5584 143986 60.58 26.433 0.033 25.068 0.058 24.17 0.24 8.707
N5584 656817 61.94 25.711 0.03 24.716 0.022 23.35 0.26 8.872
N5584 185292 63.12 25.837 0.019 24.899 0.026 23.89 0.23 8.703
N5584 325206 64.09 26.105 0.025 25.042 0.029 24.1 0.22 8.874
N5584 801059 71.47 25.747 0.028 24.574 0.025 23.58 0.17 8.868
N5584 354807 74.59 26.02 0.028 24.858 0.028 23.71 0.21 8.926
N5584 172880 79.48 25.767 0.017 24.431 0.02 23.3 0.18 8.74
N5584 395114 81.2 25.831 0.023 24.589 0.02 23.64 0.2 8.95
N5584 735368 81.36 25.675 0.026 24.483 0.026 23.21 0.19 8.743
N5584 449432 85.11 25.279 0.019 24.205 0.013 23.41 0.25 8.836
N5584 325718 88.51 26.05 0.023 24.764 0.021 23.2 0.22 8.804
N5584 835998 97.75 26.281 0.035 24.77 0.032 23.16 0.16 8.811
N5917 88189 25.97 27.678 0.259 26.357 0.144 25.36 0.52 8.577
N5917 89734 27.01 27.759 0.111 26.293 0.099 25.57 0.36 8.577
N5917 50361 28.49 27.592 0.117 26.415 0.112 25.47 0.25 8.577
N5917 91654 28.83 27.382 0.129 26.354 0.115 25.53 0.38 8.577
N5917 77968 33.75 27.293 0.079 26.447 0.078 25.07 0.38 8.577
N5917 72879 34.0 27.723 0.165 26.204 0.106 25.4 0.25 8.577
N5917 89558 40.09 27.17 0.154 25.74 0.107 24.32 0.49 8.577
N5917 90338 46.32 26.84 0.095 25.604 0.071 24.26 0.39 8.577
N5917 67012 48.82 26.981 0.133 25.601 0.094 24.04 0.5 8.577
N5917 90591 50.29 26.811 0.131 25.689 0.087 24.84 0.5 8.577
N5917 89192 50.32 26.671 0.106 25.852 0.106 24.72 0.46 8.577
N5917 90900 50.73 26.314 0.097 24.989 0.057 23.99 0.34 8.577
N5917 63856 53.2 26.714 0.105 25.75 0.088 24.69 0.3 8.577
N7250 62596 15.06 27.742 0.238 26.15 0.138 25.47 0.69 8.605
N7250 53424 15.22 27.626 0.205 25.978 0.087 24.37 0.56 8.605
N7250 53246 15.25 27.672 0.211 26.717 0.178 25.19 0.46 8.605
N7250 59147 15.88 27.175 0.099 26.009 0.13 24.9 0.57 8.605
N7250 50347 17.44 27.909 0.257 26.326 0.121 25.67 0.66 8.605
N7250 82978 17.61 27.952 0.125 26.275 0.086 24.68 0.4 8.605
N7250 90075 18.37 27.468 0.144 26.239 0.121 25.33 0.56 8.605
N7250 95831 18.51 27.66 0.121 26.432 0.119 24.85 0.43 8.605
N7250 101673 19.38 27.256 0.144 26.165 0.093 25.29 0.6 8.605
N7250 42190 19.97 27.656 0.166 26.252 0.087 24.69 0.25 8.605
N7250 87719 20.37 28.22 0.139 26.613 0.145 25.34 0.37 8.605
N7250 88749 20.44 27.14 0.129 26.012 0.064 24.95 0.31 8.605
N7250 2069078 21.09 27.721 0.301 26.178 0.149 25.62 0.6 8.605
N7250 101740 28.28 27.744 0.175 26.025 0.097 25.09 0.28 8.605
N7250 58876 34.67 27.864 0.196 25.848 0.083 24.84 0.43 8.605
N7250 60122 36.06 26.744 0.163 25.167 0.094 23.73 0.53 8.605
N7250 100204 42.0 25.952 0.037 24.733 0.046 23.74 0.58 8.605
N7250 53816 43.5 26.376 0.097 25.04 0.048 24.09 0.32 8.605
N7250 45708 53.92 26.457 0.076 25.064 0.057 24.02 0.16 8.605
N7250 66279 60.84 25.987 0.102 24.63 0.056 23.1 0.36 8.605
N7250 84523 73.29 26.322 0.085 24.735 0.066 23.08 0.55 8.605
N7250 49008 83.1 26.061 0.073 24.682 0.032 23.3 0.17 8.605
U9391 117519 25.73 28.143 0.149 26.723 0.078 26.13 0.51 8.813
U9391 133794 25.83 27.789 0.093 26.843 0.074 25.69 0.36 8.849
U9391 143428 27.42 27.868 0.111 26.641 0.14 25.36 0.45 8.88
U9391 150943 27.95 27.739 0.127 26.919 0.115 26.4 0.48 8.733
U9391 160198 28.33 27.95 0.182 26.569 0.127 24.94 0.51 8.913
U9391 205995 28.54 28.272 0.136 27.457 0.194 26.26 0.46 8.825
U9391 139135 30.69 27.309 0.109 26.482 0.091 25.7 0.34 8.741
U9391 104081 31.95 28.123 0.115 26.871 0.099 25.89 0.24 8.784
U9391 141824 32.7 27.337 0.082 26.427 0.073 25.68 0.34 8.691
U9391 98757 34.55 27.725 0.108 26.843 0.11 26.16 0.25 8.705
U9391 207830 35.28 27.949 0.099 27.039 0.102 25.79 0.2 8.519
U9391 212578 35.52 27.158 0.089 26.298 0.051 25.11 0.22 8.734
U9391 141458 37.15 27.602 0.06 26.538 0.073 25.51 0.32 8.717
U9391 171843 37.68 27.852 0.152 26.454 0.121 25.11 0.34 8.754
U9391 122299 39.08 27.903 0.177 26.512 0.116 25.66 0.51 8.885
U9391 124125 39.93 27.496 0.096 26.506 0.092 25.75 0.26 8.734
U9391 168368 43.19 27.247 0.047 26.216 0.078 25.11 0.32 8.875
U9391 194365 43.66 27.536 0.105 26.404 0.078 25.79 0.4 8.905
U9391 165258 44.48 28.697 0.241 27.345 0.156 26.04 0.4 8.838
U9391 118457 44.89 27.904 0.105 26.593 0.104 25.5 0.19 8.637
U9391 210838 45.19 27.16 0.083 26.126 0.06 24.66 0.25 8.81
U9391 178622 52.02 27.326 0.105 25.971 0.054 24.65 0.45 8.988
U9391 147432 53.05 27.703 0.152 26.297 0.095 25.53 0.43 9.005
U9391 187232 55.17 28.234 0.191 26.954 0.117 25.38 0.41 8.94
U9391 201082 56.93 27.085 0.059 26.173 0.056 25.1 0.14 8.712
U9391 129389 70.53 26.399 0.064 25.389 0.032 24.38 0.24 8.912
U9391 180785 71.32 27.018 0.064 25.654 0.048 24.49 0.23 8.863
U9391 169515 82.99 27.297 0.078 25.942 0.055 24.59 0.28 8.946
